X,Y,Temperature
-6.40314698295995,-10.300616792757555,4.9816047538945
15.536827008831272,-6.749116768176644,28.028572256396643
19.018813296172503,-8.086857361006677,19.279757672456203
-7.799228518631001,-12.458882053536446,13.946339367881464
15.387208312605427,26.99879968908369,-3.7592543823025393
14.659552237707164,25.693781094815332,-3.760219186551894
-9.563727311340708,-17.606250040283467,-7.676655513272022
13.119805146400044,-5.8295331734694,24.647045830997406
-6.698352463743667,-14.081229791876886,14.044600469728351
18.92668339798913,-7.876574016086864,18.322903111841818
15.669512851774371,27.440336766943908,-9.176620228167902
21.2502350362991,-8.668253782101157,28.796394086479772
14.530388059331893,-6.80951308702947,23.29770563201687
-9.207180374990488,-17.72462102263907,-1.5064355728689538
-10.90051745166134,-21.226798532506162,-2.7270013117159753
14.047869709371438,24.965182210530326,-2.6638196058626473
18.92916826621856,35.82315725076886,2.169689718381509
-5.568337163318427,-10.819502326475895,10.990257265289515
-7.166934774789638,-13.644436164111056,7.27780074568463
11.49565531312412,19.8360601229992,1.6491656079216774
-7.484572115697174,-14.530045912749584,14.47411578889518
-9.055430094389669,-13.605957660258122,-4.420245573918327
-8.543802537649043,-14.563595913584265,1.6857859414087262
-6.374585519141794,-12.67169980126291,4.654473731747668
-6.673848745161231,-13.274290938361998,8.242799368681439
19.643799214277717,-8.776416948554257,21.407038455720546
1.557573513719749,4.612074441624804,-2.0130487136656106
-7.485297423474689,-10.70347437365039,10.569377536544465
-7.63996589347243,-12.352443644274523,13.6965827544817
13.265054771736779,24.63800963578715,-8.14198349120009
-6.487218762832128,-12.65078076045335,14.301794076057533
13.441686322232242,24.415105909668018,-3.179035052508339
-9.03431048162055,-15.634380034737987,-7.397936280588819
17.039027897768545,-7.713351397970145,27.955421490133332
24.298520377687442,-10.025372617914238,28.625281322982374
19.14321376339972,-7.625924474433867,22.335893924658443
15.626945832319397,28.391821243010675,2.1845507669348265
-7.387231477433861,-14.836789608497542,-6.093115439744645
13.695252826947568,-6.5524775584051556,17.369321060486275
12.383408092100348,22.855952378377406,7.606099749584054
11.606884779003012,21.99057801320503,-5.118470606208847
-6.379896499516753,-14.78202263406028,9.807076404450807
-7.027045497918558,-10.965902112113133,-8.624459155391264
15.305572317067346,-7.024698233062009,26.372816083151285
-9.840889671381285,-16.366768600345804,0.3511992640006767
23.895727005938355,-9.877309136285666,16.50089137415928
13.516505431834474,24.73421381339766,2.468443043576439
11.309830693210852,21.02925808780551,10.802720847112433
9.166893667370843,18.37421125249882,11.868411173731186
-7.262893149470754,-10.371797019681134,-2.6058217789789184
15.260046832342468,-8.021433547084953,28.783385110582344
-26.289500437200754,10.66144970035566,21.005312934444582
23.57934617073989,-9.032239535150408,27.579957662567566
15.6450458191297,-6.821299762023751,25.79309401710595
11.92746906870561,21.074461469749153,13.915999152443405
-28.113770275791065,11.989192382728294,26.87496940092467
-7.212666832004074,-14.297278299568605,-6.46029991792322
-7.943509650248093,-14.7199678097755,-2.160685503234192
-6.516675894036473,-12.470210833811674,-8.190908443578477
-8.667474982060789,-14.214504443340267,3.0132132305305745
-5.282029813797693,-8.917758937760333,5.547091587579281
14.044335241071858,24.476950616588493,0.8539612709558355
14.16759025585136,-6.574781793501752,23.149500366077177
-6.024082659903222,-10.546482612631829,4.270133067743572
-9.547364370305237,-16.257226044777568,1.2373803874952305
-6.306013343690749,-10.6963385141323,11.70784332632994
-9.691740830751959,-18.198517069644712,-4.363031001009494
15.946466462680657,-8.386064806135018,22.08787923016159
14.798637252985865,23.841049762910917,-7.017974252809167
18.429956452670325,-7.663322272160042,29.475477464020692
9.273835176397105,-5.328756180550036,20.889790771866295
-8.859152636822788,-13.876337715059842,-2.0513727386331038
13.204876516474421,24.254477921062875,-9.779115315055904
15.250197991709216,-7.1845997681083515,22.618457138193364
15.090488492620912,-7.647200256717949,18.274293753904686
23.61368905094677,-9.942022213581359,19.160286721639494
-27.74492287872124,11.182812088500572,20.85081386743783
12.762521676738606,22.330366276680625,-7.038213930636386
-9.257581236676828,-15.39302771104074,4.338629141770905
-6.166248627669679,-10.454185059018819,-5.365237618994811
15.856582413578115,-7.430410719589815,24.52413703502374
-8.826422171698141,-15.809641080345704,14.931925073102317
-8.196373959154624,-15.038464707251892,3.2359209941059675
-7.327414559576208,-12.669613493390184,-7.457665988559055
-11.151378292177878,-21.379181571976456,2.439292868626488
-7.3949149649688835,-14.870705827632287,3.007332881069882
21.356985691354264,-8.976070306017634,19.18424713352256
15.472299320686021,-6.694898403966869,15.502298854208526
-38.1780396697307,18.010221801546315,25.48850970305306
-7.5385688668234225,-11.78887850194159,8.888597006477973
-9.63438964744198,-18.49934384902088,-5.216230162467932
18.3048001592121,-8.09620751988949,18.5297914889198
-35.02559374281445,16.305544647570155,20.431401944675898
-7.466674055488471,-15.281425022584736,12.45108790277985
-28.658984960055264,13.906190796644692,20.83868719818244
-8.392099887432684,-15.08241122600663,9.75182385457563
-9.917033875154564,-19.178406223777987,10.909313175279763
-5.671157276765538,-12.192717788289215,7.101640734341984
-7.74545931147197,-12.307329463124855,-8.983234930236193
-5.69903281872565,-10.745506148969104,-5.684342920267822
-8.681366412729894,-17.36157588049173,-8.74283257253063
17.885146183877097,-6.466144351985539,15.456416450551217
-6.980040386724866,-12.943101228106205,2.574239243053068
13.176253589102608,23.296243845084533,10.342827646588113
22.304449936366726,-9.476408562938754,26.302658957043718
-8.926169918688647,-18.422856759074328,-0.028310834045001343
10.190029304334864,18.14065059276649,6.4153169214251875
15.251222587341028,-7.84193674078106,20.222045541721947
12.481428620996537,24.562693572384326,-0.8480733803351015
-8.112716250215025,-15.246997562074924,-6.92080360684828
15.618460187011774,27.687315620297394,1.590058116550722
-7.398211675509665,-10.69241590113699,-3.551148509839823
-30.23833367831187,14.254127961227837,27.18790609370292
20.444947047374292,-8.442424517438042,22.32481518257668
23.514701645497716,-9.173026455361411,15.33615026041694
16.129234939101323,-7.049334678601852,24.858423607508712
9.93736940437367,-5.564905156551432,22.14688307596458
-7.5983731634533065,-9.807507687734475,-2.5371976445585664
-23.456221675165427,9.683087924020574,25.702359939599113
6.260680724462925,13.711820238726073,11.573689676626028
19.0674393423657,-9.066947937140807,22.2976062065625
14.494663021785092,-7.649321132313879,25.843651996939727
13.387879006143308,22.339277325765984,2.720138998874555
-9.850202151920158,-17.101835359407215,-5.59792301889293
-7.855349421809765,-15.625667542214133,-0.8825934983223327
-7.055879622669819,-14.056444783002858,7.084311545050252
-19.184876619780916,8.35636953082078,22.720590636899722
13.809352960528553,-6.180353450031225,24.429223330253734
-9.123768860943695,-17.213987935119437,-9.721914778752371
13.085029756270966,24.988107036479615,10.429892103102631
-9.605891507353403,-18.34703627552291,6.69644012595116
11.283357756400209,21.07203095188919,-1.1156875811707891
-4.766385255189815,-7.325007874848339,-5.205385306652688
-7.953099684126988,-14.463913911215291,3.5046068561451182
14.860654836086185,-7.100608830077759,27.71638815650077
-8.354532105633494,-16.385859762826847,2.928117280830209
-7.924196276608991,-14.601273088921216,10.751624869734645
-25.00817262348162,11.924919123764568,18.120758355807112
-8.975619552064991,-19.944693144120716,4.545184095171759
19.33093331264747,-8.914268303238925,28.87128330883843
14.718224857887561,-7.919017372331311,28.497891797684446
-8.969794281788657,-16.36176104080201,0.07129183301456621
-7.18983093247531,-14.391471217358047,9.88994023569542
-7.374214303426154,-11.03749654089215,2.0351323926707856
-8.845473541139514,-16.472688697983614,1.3936197750987045
-9.060135135827267,-16.052618910925847,-8.524522105818688
-10.301447939576688,-17.793315813594926,14.382573359195874
-4.566976896803492,-8.557706517085311,10.10716092915446
-6.1882860373084965,-9.820949602566229,-7.940849950000426
-6.856702398811683,-16.228627756078392,1.1458585694644583
20.391521042810293,-9.194660271589369,26.33063543866615
-9.677947142298212,-16.55136760673515,-0.41752437332110404
-10.940237012440747,-21.4820165547587,-4.204205116351076
-8.06013276898483,-11.94067626395918,9.578110411102521
25.539367417211906,-11.414560262888003,29.42601816442403
12.621281586698855,24.278163887152054,-0.31778913953998256
18.809672185540084,-8.610084624569875,16.885421896235144
15.600024142979025,-6.886856941986039,20.4647846131487
-8.960740152153777,-17.916267482808507,-0.49449824030401324
-39.48355283705161,18.04016174257987,19.128653944474383
-7.644557876431936,-14.963943277394955,4.711325308770128
12.653292685326305,-6.199379138083362,15.292233223743178
19.462791798404794,-8.65408023147482,15.341188430435789
9.87644196977045,16.64240291273262,11.43098736299034
-9.878883518548243,-17.360220989982658,-6.388409197823668
-26.161355778386987,13.367663316244823,23.41209982356952
-5.816571964878325,-9.35112766019038,2.8312025988694334
-7.109856240209586,-14.056555733385764,-2.5392595840058307
10.215671236333012,15.781613592822486,-8.368994337809443
-10.921825269981746,-20.074505435800525,13.635717727529673
-31.969612197805667,14.7390006608229,17.1025744736913
12.797695439441545,23.459721716727234,-9.336486842885755
15.641194313177525,29.487048084215857,10.48372233197124
-6.898326449768518,-14.362235531517104,-0.9401689920824818
-24.614070413396583,11.742320250846625,15.806911616377995
-7.133134229312735,-12.80773424765883,-3.0253428398003424
-36.346622798366454,15.226299189315114,17.63750952409864
-7.882355901472036,-13.6165030453255,5.469413852021496
15.646600952641533,-7.282865005058817,27.46919954946938
-8.029435228715712,-15.728764093002233,-4.49916223416027
12.781988499451222,24.087335235319287,3.6426540420103404
-5.830244096080134,-11.409113729423314,-5.461059150376437
20.569532660586255,-9.659462271842512,26.987744731142513
-38.397415696562376,17.180891553700214,25.093574135239237
6.903452400589064,14.947852793456047,0.3176651086062243
24.52854199322209,-10.288484471855142,16.39936184136716
-17.56259262366859,9.492713594937273,22.688888008048636
-8.444025840994847,-12.19010718155204,12.208032463978494
-5.55360622810559,-10.93367553099114,11.186023134240259
14.483550287887255,26.06532883208063,-0.3259083639819327
-6.326146919951958,-9.9653257516577,-6.2758892877640315
21.077084887720993,-9.712533671200259,25.888630318133067
18.76639092571573,-8.202864343448047,26.016722286533216
-16.85922810992597,8.927439527012385,15.324058290930719
-8.524418280166705,-13.62283890901266,3.561191641948028
-8.45633582175772,-12.906539186755614,3.9683829845064356
20.684087441961257,-9.761705790150074,19.038227154809576
16.312142663742218,-7.515248428722828,25.884410398103086
17.690073843426756,-8.292417812643437,25.483456970604692
-22.986942204234573,8.490249492869136,21.195021834304953
14.541974376657128,-8.56768107776969,15.68126584617151
11.517285275852421,21.434274880646896,-6.634401400198047
-7.407035806312274,-12.802440092439094,-3.5348514362154493
17.6249978271184,-8.15023111471993,25.942167541083172
-7.467466318367725,-14.701861519047599,14.257162386383598
9.2315094308195,16.210031573911248,-9.632117935334815
-8.789117048317937,-15.667944255438023,-5.941138285358716
14.74642380391765,-6.89473415436135,16.54007076432223
-7.629383933290545,-12.679281226196382,-9.797536646151253
-7.854875157561326,-14.932354299629829,-3.567677943300054
8.668801448111937,13.604106640621005,11.949351574663446
-13.993020983337882,7.154604552283471,17.67580790770773
20.33749808657126,-8.812752481502962,16.078450380104023
-8.674364057337922,-15.521335528436301,-1.0292276215776077
-26.836059303857457,12.456946540729872,18.487168853901434
-5.282742781109725,-13.890962731239417,-0.5100365001279972
-8.672570328580823,-12.955832960430033,3.015987926370709
16.439376352827452,-7.968809438486888,19.859656204720967
-26.95410735048609,11.823354570291826,15.985315961888588
17.76306071081264,-8.724115283273049,23.968936419767118
-27.567668865258504,12.284981254068914,16.304515692013734
-7.23287674860507,-13.135933943008329,12.732344133418863
-9.460170112099215,-15.47072306817667,-6.253009286876301
-7.241863860174951,-15.192771915790964,4.708632122377342
-7.456143777460272,-11.638840197368014,0.6080947072690179
-7.194884565481308,-11.671631705183025,-0.24041426483665695
16.684720138304836,-7.015458695257177,28.920422190097824
10.716732938859744,18.684646595084544,5.723908986670416
14.789721337588093,-6.858642885264638,25.681862207084535
19.63840662610304,-7.963670814990863,15.245545039890516
-24.37972274493532,11.864919531513399,21.792452141665937
-5.8514869531737475,-9.054081522192952,10.105483724207684
-7.950913262688939,-11.62225998584378,13.076155385054363
12.671865834269203,22.279609062468534,9.700707752754557
-7.593538191730711,-10.956554506916495,-2.19028048807822
13.076417487291828,-6.024327398990202,18.898084610460213
-8.13675367933428,-15.393700211090374,1.2308944976342318
-6.510967191630812,-10.899640592633393,-9.027361342741846
17.961267917243582,-8.616062988653626,15.818891836286713
5.910978396781253,12.921735192089933,-2.9155728237180423
13.613988905481687,-6.162301477748189,27.61834337411657
23.272350393519694,-9.768559686739703,28.157143080103495
15.10613370304935,-7.213602983535247,26.59457560881794
-6.833703138777584,-9.392272151212223,4.806348010217775
-6.4569760839554124,-10.53714107027643,-9.381735338845303
15.885711950208096,-7.3852720146072315,27.132742503509014
-9.449468578647698,-19.566361272764343,7.127365932692573
-10.789248480581731,5.481991361957892,28.666192761746785
-20.511859772168723,9.172303825670802,28.544799083570112
-30.175818284338025,13.539317394528249,24.120378218694405
14.665988260652881,27.38784974845561,1.7779556827834284
-8.579715075877962,-12.686211621387649,5.40390914407701
16.16811705516554,-8.444401165263322,24.045466860674274
-6.831148948529588,-9.73014804848037,2.6768802062511057
14.20291402668449,25.689928946517103,-3.2202901325563005
10.598689779627671,20.820459057242093,12.272050498334007
14.158154356696874,-6.25473684806752,27.44619096643124
-26.149669530700997,12.56874484979623,17.84119186699892
-10.71504860490887,-17.076003410103844,12.802446803574597
-8.528019612280211,-13.921123481299972,-6.112940249169259
-6.16729917122178,-12.622766823951203,14.600289067966791
17.147136317854542,-8.369093732194923,29.60215400417053
-7.363648610432152,-11.035949038669234,-4.396639390539039
-7.083284518025686,-12.458000949590371,10.73318609454947
24.55528608355054,-11.311626374573853,25.094922877118215
23.705661179836714,-10.257080561046504,19.630744710168177
19.204054133310784,-7.989697617591444,17.88062963981072
23.960608268552086,-10.812758704468617,18.09936335948437
9.662545044215108,16.063250564173085,4.379646048790207
-7.597007859974341,-13.642646674945901,1.7436737705797345
17.68800818928288,-8.979345158617344,22.374446219140545
17.481569586507007,-7.599310023482775,22.404535787167234
19.60713015773436,-8.813558482158193,24.68289274320415
17.14936279996632,-8.40279597185875,26.529622102258855
-9.332221843591064,-14.515901571716032,10.453695954437514
-8.736406174807048,-16.700534985887874,10.060651787487984
-32.27257348620225,15.471289156391876,21.931807158671006
15.612716600148616,-6.937678365115165,15.998557231110606
15.586758631216181,-7.0451055112672565,18.078675090308135
17.397483683217914,-8.049844985966692,21.83170677744404
16.2635635419631,-8.728476764136008,25.60021367270265
14.19794808218725,26.197098090744575,3.519806274061432
-5.239674297737014,-10.847189794062201,5.02331810559776
8.716240381341214,15.314162914515755,-6.24072240636524
6.54207621400583,9.022250735917439,13.13120563984696
-6.243131316017685,-9.547578663590457,-8.562309048130317
-8.379882365037815,-16.530394638985605,8.623920725298404
-8.645234953387755,-13.467897199913025,11.705785388303063
-8.225908879155265,-13.14118243950533,1.4616500851313763
-9.775109282399796,-18.483893097048973,13.63333042276043
17.674163548651016,31.74453937569611,-8.779990002438023
-9.719997071781355,-17.486361324490034,-8.506072450031423
16.08830528680021,-8.542717008848852,22.904022426386334
10.935038147660135,19.18233943115423,4.4076256564505165
-10.30949977890998,-17.763662697449185,-4.917579493924609
-11.058441915508123,-16.558245228625672,10.889730402192175
-36.098060798975,15.683162631417535,20.799742123944434
-9.310114451131712,-17.466341878582774,-1.3671589001262738
-7.9083265859489185,-12.79285532665674,14.91561903276001
-10.737086070351108,-20.70583181401163,-6.58610140024928
-7.562207356999978,-10.670936334358391,-7.932731153255692
-6.3089626352378625,-11.515055274884357,11.254185262725919
-10.286781929928761,-18.11737802678277,11.62540486440426
-29.020606411859763,12.924151618512306,15.497196059928264
14.53161418442637,-6.6902458539598015,19.04365334890646
-33.90902224047904,15.378150752316504,29.034083178501383
-10.172084558061034,-17.35007120681656,10.652013932047812
-9.087903466941608,-11.651603440004903,2.9182589176498386
19.33381061752185,-8.505346738375236,21.807447790748146
16.475758939035817,29.429456164784202,0.8332900504829688
15.497418057625156,27.69247101563474,7.558856828225444
-6.494650159725072,-11.398265995426968,-6.861744746309362
-5.064404539187538,-7.687987625272866,-8.985970263381699
18.73703997680285,-9.45748510181193,28.505936587117006
-22.68928729576408,9.94812149460271,23.439204820488236
15.981451334074048,-6.912356319728004,17.83896824374792
13.264139433294247,24.921105263792054,6.3581177765707935
15.547361479815912,29.59047602114328,-3.068227197166169
-9.230361994173052,-19.075051548349467,-3.742518293156558
-10.44883760448814,-19.269849982537213,0.009715926583812262
12.090572361630466,21.06812681744359,11.969066588244818
16.830844500612905,-7.011131497351393,18.583836908002493
18.444543810976064,-9.064358439429837,16.40789506870925
-9.145147010225008,-16.75200382656422,1.1973558778377136
18.15564918738602,-8.198775019312844,28.194611226527762
11.146596035053784,-5.959012106242024,19.51587666783074
-7.988053576029004,-11.097263192790898,12.174162100456027
-9.935546726814254,-18.621438386713727,14.468829849374089
-6.734941066764412,-11.768021293861645,6.784002497111597
-5.945436833045329,-11.46523173804284,-0.09076041995370154
-10.75001174675965,-18.84716311356245,4.2389071460504635
21.995531777847972,-9.233629898573302,20.313844418574764
-8.93928504833235,-14.658068517836014,-9.424260454809765
-9.54930384288058,-18.489442240751394,-5.357094379723351
-8.409463099879753,-14.044006383958182,-8.15989431912989
-8.732295495848371,-15.427747025475751,-8.370847907241195
15.006702626968961,-6.865920016882031,24.21842336044029
14.294254254232587,-5.86587779585009,18.146314375200948
-7.216634478127985,-12.702681652441276,8.96695316349301
12.205111887930784,22.265174959383806,-6.086633573959941
-7.695045584646388,-14.50824678872889,9.664635004673293
-7.790334545350647,-13.120792058237493,8.938870831222626
-10.162223092414667,-20.398847951950863,-3.0719252035993927
-10.1247464526192,-16.045842313008443,7.3540659695189206
10.810013520534246,18.902138552352966,5.9401893758949385
18.311418276382227,31.352767047927774,14.63400392208866
20.8911673756078,-8.626945255757967,15.403746034705751
-6.784906543920963,-9.748822349173789,-8.18783960911822
12.576878934425688,21.32065782714413,4.984504585058849
15.961685537521914,-7.938621236906418,15.034396628569453
-10.287978635350184,-18.84541536092766,10.125450343203507
10.815275540524414,-4.381076867580626,24.25959364753289
20.764408593636507,-8.06252120358484,16.3477452647578
-7.675524677647249,-12.738665831203146,-3.4826229167428124
-8.35654268703446,-13.570496662955817,-7.177250103982806
19.48776545102921,-9.85866061348085,15.696771128252625
-6.516996245962996,-10.725263396817386,-8.939547578335127
-6.984550418990693,-13.814936291353618,13.43102325093853
22.73733358859434,-9.195504205373272,27.609209656998303
-8.161338697788363,-14.344358297441028,13.01896711503516
11.38281722751608,19.495874741327547,5.526797048260876
14.207112067575249,-6.077534307494346,15.731528737694127
-7.5114389632802006,-15.467780461486306,8.330115619660667
-5.632839788132729,-12.025478407010837,11.8246715726374
-13.789208090110334,6.492866177876938,27.658592351061003
-7.070110501406293,-9.591890819989167,5.444105512030969
15.676614941951208,-7.123141058075648,28.447622552956567
17.690960681289294,-8.285058552502242,26.21402567824255
18.56294962365006,32.56775905998325,-2.1683546084281424
-8.12455040523916,-15.024169223282112,-7.225547964993382
-7.328207378372309,-13.118831112097837,-5.968879944902934
-7.502234205112226,-15.548782576091224,-9.27112697393801
-7.755883377730406,-13.137527677937182,-6.222281569762864
-29.18213389475041,13.277661618579106,17.320270936654275
11.74533054449294,19.699362425603987,-7.1524540615908405
-6.75372151358095,-11.448089307625143,2.7590252117504512
13.372290635248323,-5.656617302074368,23.79501243877818
-8.311216284025809,-14.053416321713406,-9.069122570566964
15.012719410126145,-6.928844750419861,22.578739303557434
-9.30939451510935,-17.127448678315826,1.2741909909359972
-9.13698833377801,-18.4627507063452,-5.27340689513375
-12.569565786264551,6.4003801459181515,17.869486614566025
-13.906473031726188,7.261153477782369,15.157713871195359
16.121989747044804,-7.978590398245349,25.098880541082117
15.914693666192504,-8.284120506472325,19.40284175215543
12.419732408888363,-5.574181137547065,22.13923721539394
-6.831089168908755,-10.179384152446923,1.2813829028522594
-8.608115011420669,-15.512740442326287,-2.9024182488110872
20.437177498881198,-9.53932945811754,20.024590065634335
26.492327947064286,-11.906320784940702,22.27338957069056
-31.16543158105937,14.873182960986028,29.620205680026935
-6.8891136978454295,-11.920926917243309,6.504707076457059
-6.964644799429591,-13.633630744817758,4.880723431711328
13.634877113505556,-6.980940075565245,21.056518429679873
11.244807954022484,18.64720858449091,3.632141610120714
-22.641840528880195,10.606787213071836,27.23029302414259
22.378699515112462,-10.580153826421729,24.336510073720476
-7.657135208723154,-12.999072217803041,7.159761095000732
-29.477738328428316,12.31592796263726,20.034842711659895
-23.490489295736936,10.848086184142945,20.181714963387293
-11.463775596927299,-19.011882984857866,-5.875045246562696
17.587381128305466,-7.654893861212897,26.102116267182666
10.732099317835326,18.51384005398965,10.210094897914285
17.318050694221427,-7.340748154069661,23.058298644309666
13.900834621727494,21.434590672573268,2.80198404122447
16.57837856614765,-6.9566933636513335,25.82092913984802
-8.090433487087418,-13.401583084328305,5.568067149366524
8.995688770484767,16.26690031764402,-9.566493940788066
17.111294568170912,-7.940095404177964,26.215279056770548
12.8070722044126,24.698459035573226,-6.348532928554658
-9.675711990314765,-16.85142055985789,2.7725455036165947
-32.960491099923956,14.050707969601433,28.002478682032198
18.2075150431568,-8.9596467911662,28.024285877502244
-9.65268979687984,-15.705809071898825,12.937515524931445
-26.4552158212839,11.54533363497006,15.273488486791969
-6.602030367560637,-10.02993723159874,7.93782087913279
-7.188414854761043,-10.858260621990985,1.7284308679225813
-6.280064125157109,-13.293186954405854,3.1465818147966385
-23.675569237455754,10.415889006441134,16.900738243081538
-27.75420317176658,12.09839098623476,20.0949811775072
18.6599547268875,-8.920041218777424,21.66316174903394
21.563510640186916,-10.244793882635118,21.584725711782156
-10.621179627042597,-17.69545380388437,-6.351755878052385
8.14213567885552,14.921075530149036,9.776812188103257
-8.12507641291144,-14.329146649347777,-7.697649599334229
-9.219091935377648,-15.349766856861004,11.98115529294942
-6.215132904138248,-13.549708431598383,7.661220054935079
14.648960125654916,-6.4735077997347465,25.50816731033199
11.355268934549766,22.93595972937653,4.036600502083147
-6.912914213158611,-12.508461008406295,-5.3173193428957655
-8.490677294883218,-15.447873386514006,-4.280332717886566
-31.655895618935936,13.6938177776808,20.46042526869889
9.406826787257458,17.407098706976374,14.728722532650444
-7.715508684404869,-16.297781283036784,-5.95509295508839
12.047422632335518,24.037720376583408,-6.635727755400103
19.65504756581602,-8.754462155827014,18.038765258364798
-7.46122542621188,-14.478113020575465,-7.089479745432259
16.748048373496747,-8.100767435074033,22.874402371614252
-32.36900361270094,14.9912812664836,18.24968908625985
13.357594309078454,25.1576933838808,-6.746048774324009
-5.874469380527561,-10.342539854352994,-6.606491436592323
15.03104359435443,-6.975006510783396,29.465583140047016
-10.576691143712392,-17.82252653537784,4.970831830244812
-8.404462437945291,-12.948141393319974,4.825685882675636
18.534119218816347,-9.525985861696107,22.5119826903001
20.70292037896802,-8.82433570386287,27.889943095354347
18.77624712486064,-7.993860488486815,29.440042552914832
21.39275331912247,-8.739684233599657,20.135127410357665
-9.048857325927692,-15.47388658970476,5.050383421236631
8.883420630639359,17.442434125950136,-6.659971332053249
21.435753304905926,-9.67561121369262,21.08587663709747
-10.489633378217095,-20.865027015906126,12.3361699894322
9.995788043706689,16.274111151673658,6.968880369879052
17.08122912950767,-8.34469944586279,26.25417540378944
-10.101010986677846,-17.555309228294444,-5.552100707753946
14.540991263068376,27.08406016334658,9.705004171634364
-9.654535183205747,-18.859876581652376,-9.545854209303236
-7.197832181292486,-13.398732797683333,8.74642567976505
-7.831842579763224,-14.518846114481182,-7.747868972726506
-7.3625508256286825,-13.715315668815357,-5.247283349277123
-10.126435901277159,-18.446714854596404,-5.298950128915805
17.362099284387874,-6.467925056855902,15.968412084642544
26.920050764188964,-11.49598214532035,19.841795170616933
-6.417171723003436,-11.545845841510443,13.334750603886384
-40.66897326901231,18.657603815885334,28.486901938981674
-9.375327037577843,-17.48773992638045,4.994823180948163
-8.709277133524465,-15.874829348622752,1.4284834512744293
18.51362601285978,-8.449514972010181,24.743965127578413
11.862899306709663,24.396162138482204,-1.0561664592218953
19.311830591475253,-7.579045393264796,28.528901577624453
13.084326110841976,20.423063211130625,-9.513821012407346
-17.99743947174162,8.042258416203698,28.79515306830556
11.729625777026966,20.836449403780566,-8.273603521976955
-26.03033158113102,11.871529856065276,25.645724547922846
-8.4135532893813,-14.400148562489434,11.108044363451995
19.91903651114469,-8.910050442147945,29.718591844772014
-8.442168926449614,-16.81271178467509,-7.0481374105840455
-9.033076499634372,-16.536325735825645,12.15417137605283
20.46748889753176,-8.42426981926669,28.77210142476396
-6.54799028758905,-13.492911023297514,10.923913766805953
14.701964759558734,-5.730486100994017,15.175945525410501
-24.83756702652853,12.251479883788083,17.829947559384685
-6.38862914908301,-12.580491976097342,8.18164259071093
17.316077893936864,-7.5551366822888575,15.102323203362538
13.624222706617765,25.69979225820903,13.37257247692401
21.604219456561097,-9.54878585529131,26.046320419639557
-9.481746021380697,-18.01261155736473,-8.182144786341684
-9.512083215667921,-19.230100316970223,1.238527583689212
-26.27149712655919,12.09313469328707,28.016459363062353
17.460256986295025,-7.233811867208608,25.61055135563665
14.77981652413322,26.751135031796952,8.22627011142852
-8.079242006862154,-15.885240375766784,14.805303912061468
-9.519973753396588,-19.42484733427275,1.0952473192453063
-7.073187799303148,-11.793291638276665,-2.4751536110495476
9.151727019822708,15.782994254480629,8.547936197599284
-8.099581426384958,-16.926450724536007,4.134089121042113
-9.853015725719008,-16.72931688736891,13.346244474034883
11.12322071429469,20.49603122150461,-6.8906145214006065
18.928392639122052,-7.811952026352246,28.97579230664666
-20.056012061906426,8.94995061427051,29.448429779184117
16.85391814633656,-8.89635295365045,17.926468560789807
-7.03919961255345,-10.677159323293097,11.443854653764816
15.214233905662475,28.835761724105875,2.3811046514531107
17.157724715707694,-7.782668250354663,22.551800788277944
-25.18288033745399,10.523569454411993,17.389246902155172
-8.82978827515233,-19.04365865675163,-3.495322426204348
16.82497310570844,-7.176026533162657,26.4370873797537
10.39266041223115,-5.06876384937457,22.90148971692676
18.13129377843406,-8.240556500873673,27.99199653167696
16.274385856448745,-6.482805446887466,19.0287803355344
-7.3938475174864875,-15.117925833084382,14.536607837431596
13.120479808205168,22.820407308051358,6.729721451624755
-33.913946252832304,15.992601541101502,27.309139334160534
-25.84998754126912,12.130544005930398,24.642555580016335
-9.654774135962349,-19.860685859347225,-8.191253195752424
13.616394476307786,26.869039645176297,-8.945321020109919
-9.211153102204422,-15.182718680946364,5.058534675121983
-18.003871953561926,8.608153995187422,22.422133231273314
-29.141733419421534,12.635636035955468,29.49104517259778
14.988025978166009,28.2089627796175,-3.9833243558588727
15.577489677094412,27.765849923041316,13.765228614085405
-8.726943146005947,-16.828365182621063,5.235634265240861
17.331219150000848,-9.057302680723236,28.79657591258413
18.083147014428587,-8.38426962874307,23.684756925428346
-24.26445843897564,10.611552940981467,23.533148188445516
-6.422157414101593,-12.087765322107632,8.74772639179881
-5.946117803867185,-11.272118795439697,6.592780093506608
-7.50190212625339,-14.776066778542326,0.9362828772282494
-5.971957285728928,-10.394896320772173,-7.744980133962915
14.93957802366289,-7.475299963148139,24.588895050202126
14.852718648282568,-8.03698592109724,22.516040365203104
-26.58268171785798,11.64970225261426,29.988706931445222
13.878383905013727,-5.538260691362639,29.86547348295622
14.045072069711415,22.38962085646213,12.217268224105098
-20.550018896775047,10.501847104225886,20.75949660722042
13.39225132468638,-6.129662426697921,27.79062919529712
13.33113200826701,-6.41835251754011,23.98589562709646
6.107122433293161,10.543063085515369,-0.10607593027209461
12.78585104802394,22.48773758373744,8.021765412403742
-3.972988642903889,-9.426343381358187,-4.833623393940201
14.335820345277996,-7.39686761269559,28.162041090348893
-7.56372079973494,-14.42338149424636,14.246985378035202
13.141144344648934,23.755300342238996,-0.8542877798614903
12.810940250621565,-6.173061271541663,16.86802737623427
-7.825740373885176,-13.483991760411739,14.725129618315833
-7.297526622591293,-12.113508654999906,4.326508721313619
-8.540971868099287,-14.929472155482197,-5.457696312014839
20.39069562052225,-8.955961620543192,16.862927823711985
-9.071820512706305,-15.085582181867178,10.812308036151734
19.68880170210234,-9.404759562184394,20.892735669425573
-8.10436731338184,-12.201332205424634,10.806540044479735
25.91717071676583,-12.121257264087852,24.087260012741602
-6.242506532329174,-12.135561498952992,12.076273550979423
-9.665005357828889,-17.07391488590757,12.437518861415452
17.678412777955863,-7.997231067153491,25.0661441063338
-8.7682185985222,-15.351800120735446,6.139314648495883
-10.329698080053245,-18.219688536524995,-4.639390861974371
-9.340239850831413,-18.507535740057083,-8.848692947466441
-21.853805903836175,10.155148685554993,20.20549022694476
-8.669364011329627,-12.831941970448712,14.812382054138588
-23.002155789364746,11.501335545869548,18.163190723968942
-7.7932332426788244,-14.124102102484631,-1.4814335396435716
13.516212820292992,25.37171411915972,-4.5451409765292095
-10.193337109534763,-19.03131608619838,-9.418213373284722
12.994024940338022,21.945214344446512,4.023502352263879
9.057038405013245,18.51167514265031,13.596707474185322
8.735041538912839,15.560185313974443,5.689761803989292
-9.19902268006401,-17.257983892957512,7.498996880949164
-20.422116053136943,8.535915772101403,26.166347779749934
12.895175539698913,18.72461201510696,3.9302186809320148
-4.886543686751243,-7.55865512629379,10.559579566392433
23.3524693155953,-9.423374781237255,21.346120509645722
-8.405239988573996,-16.78604889570057,5.861711292850806
-6.614044312123394,-13.490116225962488,14.883468009114939
11.854199762333879,-5.430998430742147,24.49454834986981
25.09635362699449,-10.052472558249216,27.980824946305688
-7.815734842189703,-14.484296800790435,-4.1170607628384825
-29.687248248644547,13.630438136010278,27.063505006459778
17.72825595688048,31.585755950778506,9.684651723181528
-6.711029313315541,-11.939794202552998,0.3297755319583331
-9.542144611732896,-16.952495187349655,8.365430249530451
-27.193756739324446,12.216110583851234,29.201303011419085
-10.616496078917386,-19.208654873387513,9.704723759714785
-7.324016666998018,-10.351698514586147,3.1500644115003276
12.646145083467797,-7.020210334129536,15.33603417266903
15.085963138367669,29.14342862037509,-0.3941752488722763
-6.2696548570102095,-12.902471967563947,-6.965466875653443
-8.955005142508568,-20.367242653681274,-4.844811123574031
10.333291956156215,19.326595428999592,-4.878166441689102
-7.307500557932955,-13.736282167053833,-3.923892259508226
13.008213503777007,23.374536541235024,-4.446913094023595
14.629980197188237,-7.319736931168299,15.634989792128586
17.17039602020131,30.70451152910154,-2.724796624034207
-9.059840868250209,-16.072254121397727,3.8266913329545282
16.40199999441261,-8.945429666097713,25.871536396240472
15.431510179261172,29.572588708137953,8.958465610514892
16.949094215780065,-8.433192954049229,16.702309540841085
-10.680418597009773,-18.91816992721313,-3.1072051519348065
-8.565566253701387,-17.217808839931894,-2.308439247653169
11.12323435366848,20.50421165361212,-8.365255349340845
-7.469678205201985,-11.389806228387775,-3.242597477113418
-5.855813296933988,-8.092678585847516,1.143613561278345
-5.560429391497051,-10.45666801110913,-2.9195806289301274
12.822082058016257,23.290287509201335,-6.4518986497177755
-6.90164823930102,-11.440951904518364,-5.174565155975968
-8.709897570249574,-15.462433721691493,8.43115072130903
-8.338485054827103,-12.74782276031826,-1.7466512637682996
-9.038228318115335,-15.393494518089772,4.570794441923018
16.040009171264597,28.982168287137952,10.136690834194276
20.549814126274107,-9.094403704711114,17.615793145174614
13.330505161753575,22.922376489111073,-8.427514406356043
21.009178339795152,-9.742675765868546,21.976415956361706
17.91005598434612,-8.713982903579552,15.116015579636311
-8.337118430772477,-12.523702505758017,-6.729638722045124
18.38314089692913,-8.760907115890719,24.94314496427109
25.878328576053075,-10.86403413126094,26.834896021272527
-8.273627203309308,-15.907535170828776,-7.55688160580545
-6.493110636310265,-9.445191804178622,1.075105925888149
-30.17954705903902,13.02285807066488,22.248051191722453
-35.1795282469561,14.54031232564948,19.930387615346334
-6.184634749239685,-12.01856819673514,-2.619159225744907
-7.017439079327316,-13.976353683761982,-1.626027066531588
-6.983960717470367,-12.587536046970955,4.818884111655279
-8.986227406949515,-18.622123055700545,9.380919407640853
-7.6217489742866364,-12.806485049504657,14.730190861211838
-6.928521596189521,-13.513239426885853,4.756545582790896
-5.4528606404994004,-7.463454956104213,8.501388645325918
23.110577206588946,-9.975697879919878,19.89883752535026
11.062451517972988,19.208700684732733,-8.532671884376084
-10.142222743167647,-17.48255880503583,0.09747777376082922
14.420911176289039,-6.226470733862324,18.533983435382098
22.889949067290498,-9.795182969639468,25.808273507487975
-7.092164448472617,-11.186708671896639,10.467097684626644
-7.66437752063854,-14.722342052549918,11.284539410612627
-10.75410798125381,-17.640484943181725,-5.713119546408958
-7.68543005120395,-13.195606795890852,7.896494672938186
16.40874761208266,30.530917295476055,11.304690658200926
-9.08636979808751,-15.678627657579757,-0.30117985461081354
-6.647564935910954,-9.530722106410416,0.7697292379752376
-6.624027257961837,-12.709921268725285,5.091366524184906
14.186727466688346,26.464054620203637,-9.197152088890945
8.051189876777702,13.01033176684874,2.8831666233271314
11.141494089936089,19.741157712407922,-1.542079720138215
-7.199772384763208,-10.09246166186419,3.099894087116585
-8.818763878956617,-15.545109082070296,-5.209514727229951
18.397328739488408,-7.722934287828375,25.621091229595798
-9.159625183355722,-16.192868704653765,13.743698142161946
19.328125965663347,-8.259202606094696,17.164092765779586
17.031404345586964,-6.445029755871117,21.566849544293532
12.734458121683618,24.509202106661238,9.93768795716229
-8.173480352822347,-13.733295024314607,-6.523188476503052
-9.706531184826101,-17.402752011807074,11.484261672741912
15.49509631451837,24.936172683004756,13.473644720835164
17.805962762254268,-7.652831116211641,19.8175789673732
-5.697276919988677,-10.821430440593058,7.266381849187177
-7.5849155411175255,-11.619683772353303,-4.89678788817745
-7.962713744373096,-13.420273109172735,1.351036231948978
-3.851030578341099,-5.617171572759576,4.523291855945404
19.139511266758053,-8.892655157971586,15.836689653264049
-8.928609104775813,-19.803209373399085,12.831132186756477
10.314161256914696,17.338917048851258,4.24386903591385
23.112028498513762,-9.73002576589394,29.460609951719185
-9.375391317994895,-14.277630435338688,14.230992774275485
14.108645395785366,25.938053304284185,-0.5109283305602208
-6.882454155630801,-13.077740891878076,-5.92870109518385
-10.607167459318081,-18.468232369620367,-3.885634432626719
-4.167970511146827,-8.782301880303788,-0.16169086461967552
-7.872073649759972,-15.52583500417195,-3.572745069617773
-7.013952554915644,-9.668818192771461,-2.5373190379477695
-8.029203048615646,-16.77116016754426,1.4038067477538831
13.035226130837552,22.26017514824313,-3.065056188209807
21.883765748220004,-10.048736233123158,25.870616985057005
5.923745750038561,10.101471936084137,-6.790650173534312
11.533302916434494,22.604946108660812,10.980455582810187
-5.861157875563117,-13.934459078135951,6.415873079586461
-23.483345761966685,10.44181088452162,29.295144676344258
-8.132066703764066,-14.909798171439249,-5.518443913277906
-8.741531506785075,-17.204338549288344,5.914223961829666
-23.264089088242965,9.942005874841737,28.778817331014757
-16.59348076874036,6.618322506396329,24.62028503575921
20.430465652805363,-9.168943399282147,22.6828828379712
13.532588967444953,22.565719496002046,0.31611308179759234
-10.69510701946708,-20.501252973233896,-3.164496504397367
14.837905369985727,-7.241051669816202,16.74572879697724
21.341289995016833,-9.021582740922018,27.175039565103432
-7.617504873988102,-14.557430005265948,12.270515720557192
-7.814123860486033,-14.371865948827615,12.864507578795994
-6.794121003678919,-12.342916213110799,1.199163746411367
18.834300988525687,-7.741174712293715,20.779717327677474
-7.524279522934287,-14.150299276057657,-2.518250057699065
9.879810709442282,18.62302486926181,2.947169456169746
-9.220295524049353,-20.394901071118365,7.017457544656672
-7.71985691772764,-11.826998569613506,10.3044151473782
11.749859566684604,20.545133236434744,-0.3036107033967905
-9.897029647634088,-17.617186515362434,-5.406527010431859
10.231297848022797,17.618083281750252,14.424801697665302
-7.511238721778113,-11.808033222242228,1.5452221296102309
-8.838994907205867,-14.25820639636692,13.24952885690449
7.435209472101992,13.461052826582014,-3.8254913890319076
-7.134809264129275,-14.7571133002402,9.245604074192698
-5.899400307807076,-12.935486584075317,11.303577302063434
-7.801590814253868,-15.250313186935804,-7.927058527102924
-8.775774625709102,-16.603748605263117,3.464171127756824
-8.203782074582367,-11.687349697495769,-4.62341292244103
-8.29665356705842,-16.025484952989494,-7.46500118108929
14.850047545383813,-5.456415683283702,29.59840929559781
13.64088328638987,27.70909957009435,2.894153798988919
18.772027555700813,-8.681821578115166,22.394977834185397
-10.456407376185007,-18.342792841995028,0.18562619055055407
11.214738273275055,-6.5332766754707,17.26010888895717
7.797100349348441,-5.34474857652909,20.409114395587462
-8.485156801316906,-16.046109833082795,13.825549624313773
-7.834415541338455,-15.47583506530286,8.863047542006335
-6.298557809167681,-11.657589225527484,6.473636565890743
-7.068878667080864,-14.829983545317202,3.954730661719811
-25.726216592318064,11.450548586840116,27.181165769913036
18.005289928009194,-8.522440180372186,23.224776311509167
16.442678180278623,-7.515538244573498,28.601076426660505
-8.896135047714843,-16.844126026005892,-5.028111060578211
16.878404810752198,-7.347844903164663,19.23469900814577
-24.35808654645476,10.901274907565462,27.533618272841515
-9.604940234888874,-21.028798653295087,-2.750677353373594
13.195347368573639,22.2500319433559,-7.3401493053289
17.759060763580322,-8.872673050088082,19.644825971602362
-11.940598035212249,-19.779026589029275,12.978924527196476
16.082743986367976,-8.155146836435426,23.67315107033088
-10.09540113720194,-16.364710386972934,-4.40910493494842
13.081859648769433,-6.680874438293895,21.81069247439561
-7.014579331513582,-13.019460512526306,-1.9349071980902188
-4.337743486745798,-10.15972741419062,-3.4537622853718197
-10.771112576791872,-19.390607423138913,-3.4293680827602824
15.670825616737522,-7.03918559738784,22.582988809255284
19.08296598201291,-8.092760125941025,16.607888827848004
-4.819147819354248,-8.596974609561027,10.922616990764773
-6.595686485630075,-9.992602298181023,4.353219364940099
16.832485019830955,-7.518821411100975,25.08802163252433
-8.858291105440165,-16.888952139322324,5.6978042969054155
12.585262963026631,-4.8128428954745575,22.663977578863083
-9.087645081461266,-18.591480773478974,7.565396342808736
-7.858813598316086,-14.740208994121595,5.077777176996303
-5.99461934365293,-10.9513470046463,8.507191426784257
-6.500871450983134,-9.98190730616855,2.0551149665656823
-24.41308580671057,10.90824181953109,19.904375207050045
-7.323662937181227,-13.181569058489986,10.108815603699167
-6.812305380794794,-13.472269255744864,-0.7114921941273078
17.654768446221713,-7.948958883391652,25.982982930982736
15.013129904289396,28.163811392105455,5.355648854928457
15.163236336658233,26.86759275909162,11.742114444559544
12.27906137684061,-5.566252488648479,26.25888443858188
-10.191387407977487,-19.76633641026296,14.969519836559684
10.495892184996546,17.642663495630046,-5.324078371665437
-23.72631951893504,11.292090038367085,27.593284944539008
-18.798479345730627,8.529064574573123,15.108322122856713
-9.093017100418686,-18.038500455996626,3.396224586283445
10.86797376915657,18.714879917933715,-4.42911709346451
17.65331095258707,-7.775954776593217,21.761007570811838
-4.668974305125329,-9.973686059281155,14.80291023714054
-7.956345937512466,-13.852855371822582,11.338443679052862
18.280413128148822,-7.489018795381788,25.755703322038308
-24.953801879309864,11.573560389178361,21.543888448981228
13.205756865521769,25.038651507767,-3.933004810689953
-6.27317053882158,-11.18239582285557,2.46888271182193
-8.305590692062397,-15.476128912647559,-0.060434407421370295
18.854129610971007,-7.731957924784287,19.75785170290708
-7.863348700090817,-15.444316703297217,-8.658702610568824
18.88430577464335,35.25095315113564,12.79558739485266
13.039336625603193,-6.594009062268684,20.49834742962762
-22.1275648576037,10.284761874131815,25.070625470469977
-7.890913058895069,-16.28178590818286,3.6832699486362976
18.524656696671407,-8.210562588358005,22.850292186880516
8.932243949183725,16.113881754010155,-5.574730521791711
-18.896720867108982,7.692271428394418,23.858091669380727
-12.083416611384717,-21.727309369566317,-4.900453506720703
-6.428223302802265,-11.730307448841051,5.891491622414691
13.937549602659061,-5.381192995797265,21.891814631182143
-8.572898407588047,-13.826559951182709,-4.003302906049049
-10.483053322108702,-18.743010238932314,-0.8299441906943414
14.79943453069645,-6.810236467671984,18.89010273572265
19.666726633690626,-8.612953868805006,18.801461461842976
16.79055052240778,-7.51748218793525,15.645905315411891
19.187850524036392,-9.562771318160793,17.757937778684003
-10.234456132154165,-17.928360869812302,11.708977733903847
-8.159731824770821,-15.548412296538515,0.0719623562781102
-6.360144338626686,-8.385145749312418,3.8278397401567776
11.3627132102686,20.437635197369318,-2.7360913279429733
-19.79918526956659,9.56095688321961,26.338022453345133
-7.5673832769259075,-15.753019608685065,13.335671790644817
10.448588758653713,18.061103507998872,6.034056670545596
-9.595684424153047,-16.919149572653467,8.480232145765306
21.800112351617912,-10.746717317507525,27.891333584472612
11.952246464993273,20.430640311507062,-3.865943875356792
11.064038974055988,19.425225833521232,13.449193280671889
-9.380874341008818,-17.462767115075472,10.23554715537864
-7.56705177365243,-11.665776136600279,14.458169417385914
-8.304376194515667,-12.593077495738251,-9.27559264716638
-24.997247611545156,11.506994382343827,24.884956357766058
23.82624422598507,-10.194149460666681,27.284731299344493
-11.349918229033648,-19.65943111591392,12.605327343568359
18.731726302001217,-7.975526597471335,17.86603295507569
20.57294974857286,-9.284747356113797,26.89997524709183
17.71102505260426,-8.141935688973934,18.289545372535944
-7.381836258469571,-15.063351102579068,-3.898438283429546
13.210406754323753,25.75090189617751,13.051534406672527
-8.848266932326469,-15.195540032557567,14.268601855314238
-7.581512307877289,-15.520814958768412,6.965226852095441
20.205073411015245,-9.455186390569466,19.457769424988914
13.283008548850212,-6.227357906507758,27.37468059076059
12.312049762867373,-6.531665662164832,27.022740516271057
-9.477791604181022,-17.791109011960994,8.033574856165284
-7.19952800694667,-12.218668141039279,-5.47047816636979
13.291503563944616,-6.798378554317722,29.393647958493382
23.093128229872804,-10.093683803288727,23.555923457837366
-8.804258249935984,-17.439605147451992,-5.013492751869326
19.025994489154677,-7.520712993825567,26.833675304694893
-43.03919964923057,19.2426519367162,24.795854482485133
10.712808369295626,17.067667673434276,10.753522285042884
13.143732799434218,24.585882692792477,13.651017429797172
16.52837308022307,29.45665056731962,5.96010815480521
11.570652789108667,21.27326730069226,-7.809534447118747
-8.152580038329567,-14.91783003221301,3.407889665836038
-29.838673056550604,13.194084089885608,22.114137943920454
-6.39969486743594,-10.017003023571853,-9.814719079815886
12.478943308223709,23.63927033082396,3.3399668676457672
13.86456554584767,24.76112754219538,5.926747743637733
-8.831506950969997,-17.009687653883912,11.495824117516914
14.561360932235226,-7.121143698253026,26.794224656510423
-8.981602842752773,-16.341650684475464,3.85383977463845
-5.5027972561393215,-9.082555619719031,3.8781280758491086
12.945865471768878,-6.575715623058487,19.500049924389934
-6.7281017399701035,-12.615163550062892,8.088717635592285
-6.870976527070914,-12.095487751466313,-1.0158070824007215
-6.177539733061645,-8.827524480429211,8.097580645307737
6.418656000227079,10.696519421782828,-4.365719184808006
12.589690642927394,21.50259003413495,-2.9445205397510676
7.0632221578745575,14.460675090977126,9.934710909579188
-8.130884019774419,-13.99331186387809,6.757017980181917
18.901935950251524,-8.37737124614837,26.593836042724
-5.242848938057547,-10.354205959586526,4.4957559646653245
-7.054776835358208,-12.082800282030895,13.223534011121739
18.59054201993661,-7.926037502719666,15.290571516781213
-8.550605608972509,-11.663635165770536,-9.476221736466655
17.25733993259798,-8.595792974218982,16.541494880668424
-7.884525287889269,-16.103884841949217,-2.878561325209943
15.56446443128134,-5.9561557209313225,28.442812698778205
-11.086950130095133,-22.074951714066025,-4.053490889875482
12.270547912490699,20.925063787455386,6.584964949080948
-7.334714392306378,-12.376304303476335,-6.586013276854246
-12.727765522933547,5.804750861231039,29.874970073837893
11.910775037533849,22.334688339172324,10.087800413249703
-8.348456740604254,-14.486250295933965,13.815400692801752
-4.413850752848414,-8.0948860248525,-7.316940904462901
20.161293919196954,-8.732410763677317,19.998418815967113
-5.636915788915752,-9.96913043294545,-1.6037762761765695
16.992236063699416,-8.118601012796834,25.922171577628546
10.437409004547431,18.69568333755833,-1.7944143807197133
-8.828087002666102,-14.715172107601074,-2.372491173453337
-8.414479452689672,-14.81993815131134,-8.538013286076204
11.020129532743297,21.039425846865115,8.882677804399968
-9.092978621480265,-13.935897569290395,12.593645330504657
-8.169620503829353,-15.037586801321021,-7.371654422865905
19.090629458178586,-8.045604149795748,21.021104667800422
-4.693656546056539,-9.071232216346825,8.131553389921105
-9.410690434678635,-14.88417729066506,10.975610773103202
-10.44931675773556,-18.5165066535188,7.630509877529125
-7.668787238167863,-14.555686236052372,6.03052243501304
16.279778940973397,29.722503851076905,12.385613252328717
-8.594219134905982,-14.324047869058699,-3.7903901627714998
-6.308938984331666,-12.413182825213326,-2.722874780189155
21.830012351173174,-9.98613024479883,24.471424840540692
18.423116229791354,-8.582520407451737,27.844618485345308
-8.611072051072716,-16.045484366081663,4.932372651190118
-7.925493415549603,-14.602366604306443,0.8297869257421517
-21.03824802304258,9.422300573710736,15.759981729560629
14.280965626049573,27.836494557795827,6.349366843923857
9.26599409072371,18.20531898240722,-8.984545773586206
14.3107513439132,24.874510284349427,-3.7538961053523856
-23.74642675744443,10.12537074670335,18.638889153895903
-33.98779430704953,16.053218677239418,16.356957676406054
15.636476065650992,29.72794552198812,-8.91616029986066
-8.280328745570976,-16.070648969296617,-1.1211135226820232
-9.62631511966972,-18.588278356609962,-0.7570081364771433
15.565890611049017,-8.364048121737923,16.875709743949137
-9.737428994549006,-17.34797417286204,-9.211578489825435
10.093730679492733,16.525436139818577,-5.835656720617046
20.051120195072997,-9.021324356761848,21.996643414927576
-11.931006439521578,-19.567972958230857,-2.8582135178266554
17.839704612415026,-8.06355261581251,16.109844314074987
3.860272097509764,9.406029373923985,-0.47268875813093914
11.607788799860286,17.358018502849298,-6.022344289626194
10.455154408118569,19.18457324089294,-0.2731123600218375
-29.470195339457096,11.896434600506067,18.890677274226366
-30.591258171526427,13.579610051016921,24.227858724251433
18.94860754500691,-7.8315182517952815,23.208794582679666
-8.146979670081038,-15.03413850991769,5.887341184738194
11.726736421183272,-5.737628895222498,16.723405462825845
-8.731510961418499,-14.979461259683122,-1.8006281833671611
8.012444599965352,14.274063131342247,1.7259092104405305
-29.000921032553524,12.83504590393401,25.853432740844788
-8.146746218149914,-16.627310660785238,-9.47992305957056
-5.098417208137205,-8.78182475671479,-6.579658765821277
-10.562179091912196,-17.672055422891262,-1.684549794158908
11.233679357534372,17.872150796153477,-8.938711845047212
12.032636274606691,19.046189964671782,-2.7425825964081074
10.886175862157241,17.95980394168389,13.321662438787687
-9.013720956549978,-17.415377507818416,6.856982023699917
11.6876490730242,-7.2589041215367205,25.706868443078996
18.21213856131892,-8.387121064796077,22.697742469537637
-7.3549014692370225,-12.401318009809083,3.672694067915039
-8.508855450889431,-13.678020554666615,0.3769373372517002
14.710316587463412,23.772775668590594,5.187696326690677
-9.76403019837914,-13.80794496177724,13.611797700592309
-8.060825923373352,-13.879928249536137,0.7225456329150504
-6.070061284844707,-11.520584862573097,14.96595631396536
-9.696350438741394,-17.974384223171278,6.376466087649618
-7.466852113859376,-11.83045970355788,12.081887234079211
-8.820212134358941,-18.1910591837604,7.4450611654126675
-12.356696594865632,-22.134232467179825,1.778630381676706
-29.4203636779731,12.628602690788384,27.938132278486265
-31.640532622508662,13.86583743285663,20.544231766390432
-8.356566563218818,-15.472011167401277,-4.395472969341898
18.881373391471435,-9.869396020901647,24.73871903591651
-8.894626277889977,-14.616212323015734,9.497247929980546
-18.48658540075521,8.336767607735798,25.782089075763658
18.12496217943948,-8.89765637087157,21.99421023789261
8.037224081810097,14.901483894572811,7.008540178769337
-7.931192832673153,-12.816494757289068,-9.101227667195303
-7.6066779016447175,-13.474399248696626,0.7470943753978432
10.026637832113268,17.402484117871918,11.665368586434678
12.95954985974955,-6.192356519824957,15.33912879304589
10.976476257989967,17.46690547949747,0.3155074173280923
-8.573340857849228,-16.549998769689246,-4.425757037087035
21.86974396769498,-9.461182769324552,23.397209471971962
16.116089391394418,-8.10084434322648,29.376087228142083
-9.339244395977119,-16.235487365653345,11.027607292107433
16.183876164633528,28.53638381607567,-3.13282856606786
11.493104380012467,20.52669073530603,0.8922930607747581
-6.429987759078594,-10.168377653688424,-9.264372938101332
11.389168715658808,-5.4508460254869355,26.571952262419963
-6.374118550196588,-10.840250500119,-5.289956684394355
-5.664677245179961,-10.672444779687732,13.060659020570142
-7.744696925759952,-13.454066272315119,0.9622088274882401
-4.582635394126587,-10.62200885444705,12.167120100631735
20.304940107315538,-10.01615422427362,16.05681553407457
17.339906661621246,-7.393680702084001,23.189672148288068
-7.025854300695406,-13.261727109028865,-1.7431491295758725
-7.573286555803292,-11.838694824207707,-9.560166853660782
-5.422389391027307,-9.615286722138805,-4.524574797247709
22.530268887471326,-10.613332538952912,26.0007456739242
19.396067891415136,-9.157566830270811,24.95560310250061
-7.342247345651393,-10.152940742780686,13.896524086812331
-6.666840324483274,-11.361921203875697,14.020674417346136
18.998115560111984,-8.911208431430461,16.60146698185022
-7.136143344601496,-11.16175266873612,-2.9851488550620164
-29.33973363342349,12.973020630044605,26.576477836998393
-10.095728459822228,-17.690996460903143,6.7508209956829255
-8.24684145443401,-13.430131846771106,5.325541129979898
15.991145056974181,29.312496768802955,10.756708211313502
9.384687935875268,18.162761440402853,-8.121361328997798
-6.3774174584073595,-12.038762205778452,-3.3486652497568237
17.345762564778045,-9.587660950462478,19.52134465705482
7.831202509699304,12.975605536409835,-6.688053282994941
12.130756795168727,18.507840591227087,14.126084378655527
-6.312744409826447,-12.849875510148086,-0.18603561274716185
-6.619102635932276,-13.180870800452704,5.571824561679062
-6.497950315563706,-11.88550820850044,1.5477494708279949
-6.549033150442677,-12.630596290292758,4.226908658597965
-15.948198054246019,7.461129700199198,18.761836207369818
-10.368012802854484,-17.642077732511627,1.8848686249270017
-8.318752047036748,-14.078615715213372,12.656185611875888
-11.035480967018252,-17.61880012946388,9.042016087963987
19.388330005150422,-8.728301057959246,16.546846614505924
-34.333407969325876,15.802954533563922,27.47318957299032
24.359168281340494,-10.562981370713938,19.302883888410012
-5.902113493060842,-8.879546421207039,-1.4023848563697285
-9.303878532823875,-16.17235812351575,-8.752674597548612
9.585721960143783,17.835356749208295,0.4905617719930042
-5.199163693531528,-8.297715370781608,13.803117228010194
14.9375563067692,28.022448364554272,-7.942967460629986
-7.7007720508356305,-13.743035444787289,9.854649888049455
-8.692058322120184,-14.81562150520469,13.87371395667557
-6.704080044095196,-12.758592589066499,3.3697556326784337
-32.21357982426663,14.643440162440108,20.836488149832878
-9.854780504520008,-17.030811401089505,-5.736069874649128
-9.324448097670164,-15.168734358819774,-6.9944887305676495
16.20159103279557,-8.067118377133975,19.127550248144132
-9.565421615203455,-16.598260539159526,9.819652648247938
-24.017674487032203,11.117084970419397,17.53609585710944
9.771675466413871,17.484717410181567,7.393093544149849
-9.39188194917747,-17.765397267343364,-0.1439186704357276
16.817912611209746,-8.266876813706597,22.764092706967986
-27.95489639266219,13.624937063551776,21.97663515875917
15.42201662949287,-6.2298077393877085,17.787858834177072
-6.541073535938387,-9.947385148401974,0.885805489198507
12.763799309612757,21.657128055289874,13.609226674763484
-9.636344884959152,-17.618258670696534,4.438955877601071
12.414571910352045,23.495593901194447,-6.336717066934634
25.583573632400263,-10.89993510749836,26.692543018489715
9.679687524397021,18.299908793567603,-4.527254763241544
18.73383271583705,-8.356602615557577,28.009494152832097
14.162316254514652,24.042934173070748,7.84023091831823
