X,Y,Temperature
6.8643893121168436,13.346779506359725,4.363502971184062
7.305674734632328,-4.824069873892936,18.767857660247905
-13.584869939832668,9.438671668736076,13.299848545285126
-11.545695000714488,8.980211324252174,9.966462104925915
-3.1888966877844753,-7.973122995158159,-1.0995339889390872
-3.8705726162617564,-8.227961517967962,-1.1001369915949337
3.219742097287849,6.6888017749702655,-3.5479096957950134
-7.460977217512992,4.032970711012277,16.654403644373378
3.7250813658083484,-2.4489626977574623,10.02787529358022
-9.152629509870458,5.656929877915443,12.701814444901139
11.49353675765093,23.092937584735523,-4.485387642604939
4.518358129226525,-2.860784591355097,19.24774630404986
-14.362281148339822,9.002980540817225,15.811066020010543
10.873549320659286,23.356767814471482,0.3084777669569041
-2.2528347757404186,-5.104212126374862,-0.4543758198224843
12.548932616746638,23.442753092580084,-0.4148872536641548
13.556739072837686,26.022918592990507,2.6060560739884426
-15.354004592773515,9.13384458436294,8.118910790805947
-1.775415562373857,-3.4527828919240937,5.7986254660528935
-1.5405063966164785,-3.087500072481712,2.280728504951048
-9.316264406646136,6.069239936683812,10.296322368059487
-2.023616046537897,-0.0009924657713700213,-1.512653483698954
-2.6973146510040142,-5.224109232099993,2.3036162133804536
-4.100779282836685,-8.544059280781509,4.159046082342293
-3.7590404472086485,-6.600006032817991,6.401749605425898
4.696370845807661,-2.8914573239715615,14.62939903482534
5.06849185784671,10.55094568570321,-0.008155446041006265
9.737494751942187,20.093587847517238,7.855860960340291
7.989387169794013,-3.6808872820390817,9.810364221551062
-3.9906923886377035,-7.907032531808906,-3.8387396820000568
4.596532959858771,-3.3067803928713704,10.18862129753596
6.6652272467080005,12.142460107073004,-0.7368969078177114
8.182491889933393,17.517207591368813,-3.373710175368012
-12.130581071738208,8.563356884222667,18.72213843133333
4.16681394855757,-2.417604040015937,19.140800826863984
5.506493923582795,-3.8897461017865687,15.209933702911528
-2.91281359579357,-6.318205937941725,2.6153442293342675
-0.84425683679321,-1.6566526021009256,-2.558197149840403
-10.780667670347029,7.996123735410243,12.105825662803923
-3.4385872062572957,-5.4667978248313,6.003812343490033
9.421102515640387,18.346856152765245,-1.9490441288805291
-4.187912808642065,-7.881689646866602,7.379422752781755
-2.949464184405994,-4.863400373961995,-4.14028697211954
5.70442398036063,-3.3001402843924916,17.73301005196955
-5.525718633602488,-12.279880429046404,1.469499540000423
4.27398669467395,-2.946011581554207,11.563057108849549
-5.888271205192725,-13.330879784704326,2.792776902235274
-6.833380512029616,4.793753447196194,8.00170052944527
9.172770230480388,-3.0626569562024444,8.667756983581992
-3.563649027426343,-8.54293933982112,-0.3786386118618239
3.3591143976325135,-3.6279284867539494,19.239615694113965
-15.136890222462794,10.281088123147915,14.378320584027865
-9.732674293252783,7.477598781669924,18.487473539104727
6.068134019469273,-4.171041854175854,17.37068376069122
-18.672118639280917,9.905496001980529,9.947499470277128
3.868144539651609,-3.0151931287699894,18.046855875577922
8.2721140755228,15.701196579838061,-2.7876874487020125
-3.9941062330421926,-7.887376169642636,-0.10042843952137037
-4.193059954910236,-8.817900471426345,-3.8693177772365486
2.2432575261382084,4.249465961964787,3.133258269081608
-2.715110107427801,-3.014809332393247,4.71693224223705
10.85581613634588,21.57833656441811,1.783725794347398
3.4387360462948675,-2.0786503970135035,15.718437728798232
8.691359167231667,17.64131701801426,3.9188331673397325
-4.191290139287807,-7.738475539992813,2.023362742184519
-14.112067351659851,8.225107094133216,8.567402078956212
5.993768166970882,11.465095451100257,-1.476894375630934
1.7700820288663626,-1.8421851579759905,15.054924518850992
-2.7174564738932068,-4.682556329122643,-3.1362339080057295
2.2639161568422588,-1.6888411136818948,19.67217341501293
6.685312652442521,-3.9256208497743663,14.306119232416435
6.541605069431629,15.847474488056866,-0.032107961645690075
11.639046725202792,23.963562898050654,-4.86194707190994
-13.737806329824322,8.898023501144602,15.386535711370854
-7.341138280696387,4.796755816307863,12.671433596190429
3.547363979017584,-2.852300674773223,13.225179201024684
5.091621507029174,-3.1645630710085944,14.281758667148644
-2.695873829330191,-4.210746711239252,-3.148883706647741
10.093906758395931,20.10560404079769,3.9616432136068145
10.221497200827187,20.81743141177864,-2.103273511871757
6.532184721205973,-2.9696883425056577,16.577585646889837
5.23024654807713,-3.0858932497177918,10.582453170688948
8.076197125664162,17.296232141246183,3.2724506213162297
13.751025213617424,27.51891289674331,-3.411041242849409
-1.1886249713350185,-1.0042830481225304,2.774558042891555
6.444054512522992,12.808107511100186,3.1295830506686766
10.001757914064466,-3.9267131024921813,13.240154458451602
4.237904501349069,-3.4228119610855434,10.938936783880328
-18.402424336942826,11.616259839866444,17.180318564408164
-2.7220169352572916,-10.004304585958621,6.805373129048732
4.375358586297735,7.539303757670635,-2.0101438515424572
8.22842313218063,-5.094120627663777,12.831119680574876
-17.65656066434279,11.642989399890617,14.019626215422434
-11.53336748868124,6.567505487522635,9.031929939237406
-12.932411159060745,7.259956931675255,14.274179498864026
12.653288993090985,25.538478938329437,7.344889909109769
-14.054333351607783,10.069625239906046,8.068320734549852
-1.8840979466346386,-3.2314336898084384,5.68852545896374
1.0660928427163796,0.911083858145948,-4.36452183139762
-3.8432606042937425,-8.504724018923694,-2.302714325167389
8.47461959053116,16.77785294303566,-4.214270357831643
-13.179919089596826,8.654157431741197,10.91026028159451
10.996603429977629,22.186231961927053,2.858899526908167
-4.410824498087875,-11.770623320269962,7.7142672791175695
3.3796689252848395,-2.228561008084176,17.689161848152324
-1.9670360528471942,-2.7824794152722054,1.2323057287218733
-3.1921110527214402,-6.418877999317549,5.259573075890744
5.06057821678125,-3.3784540518464596,13.888778463576216
-2.0998230130875335,-5.345927651058073,0.7199541372905616
8.988273656146209,18.353294232348418,-3.0755022542801753
5.5590618217915715,10.412818044388404,2.2437863228442003
5.899296423357177,12.53005791975157,-0.9694678186498891
2.444036021566553,-3.0140195382575885,18.242441308564327
-7.95443333314654,5.172434021270142,15.203009489110425
4.497219092847794,-2.912668942084591,10.835093912760586
-10.388273732204095,6.489969312687182,16.78651475469294
-13.986436628617373,9.417638793470257,15.091801922477863
-2.9200066194408567,-6.198099543788176,-0.3357485278491037
4.623464490045326,-3.5418349876686417,17.313974962249443
-23.458621615219137,14.65795587529956,8.483556047891268
-12.033893455869833,8.380788783941561,15.186003879101563
-8.922272167021537,5.927457700854093,17.40228249808733
-3.4483802190538824,-7.090914422988404,2.9500868742965967
6.223099741127053,12.471522723628198,-2.248701886808081
6.381898405029884,13.61372973631106,0.6983790635485416
-3.709033711664705,-7.832931367831135,5.677694715656408
-10.9470313468806,8.23748437839076,15.450369148062329
-14.020418331544594,9.278538752324884,16.518264581408587
7.847391436325011,17.400954241743758,-4.826196736720233
5.566383146501309,11.509003055573634,7.768682564439143
11.273682240876783,25.19178246324572,5.435275078719474
-4.830768448394866,-8.780350634132203,0.5526952617682559
10.97036433676746,21.707460219603476,-2.00336581665793
4.952213471701958,10.401675547340359,3.4403792850906996
-8.723077708103459,6.93061078238312,18.57274259781298
-3.5465073945087546,-5.541942855393322,3.0800733005188814
7.501178316676478,15.264495788340973,7.969765543584153
4.148610941038869,-2.758761862344652,12.575473972379445
8.66264011210078,17.734512415276303,4.09074005948235
-14.723119856136668,7.361870144744366,19.294552068024018
-11.323355867661022,8.559888195224337,19.061182373552782
-3.805371827050344,-6.350714982092074,1.2945573956341043
12.519690396997976,24.575280070459225,7.431212647309636
-3.165399018143512,-6.665436811814483,2.5219577454192414
-3.4983623921924467,-8.053648677504652,2.1210123594366905
6.586788059002295,12.811002127660645,-4.07782631613668
2.891293499755346,-1.742940043310907,10.239108349497421
-3.1030232013972157,-3.030951166759488,7.566975580721538
8.931086617455533,17.431710315096492,-3.7130312187502663
6.994833138708323,15.110776508969533,1.9661616059152855
3.006816299147849,-1.9874539989461633,17.706647149166344
-1.971317389303608,-1.8502325132577861,0.9890472666743104
9.809026468072187,20.0184854395061,-1.3776281977194227
-2.727302206470065,-5.325769105613695,7.236319006939075
9.221592822596596,-5.276991207533051,19.641261352765017
8.6323420356627,15.757085823558027,1.05138178778751
5.128663412556218,-2.5783155317355555,11.803388685146963
4.965661459956384,-2.6830205822265936,14.04049038321794
-2.1113372464490396,-4.797074841371806,0.940938599809992
-9.493456244705557,6.385571623408579,13.205408715296489
-4.885200052021117,-9.551354434186608,4.19457831798133
3.455491075387198,-3.863951221420806,10.807645764839487
-15.1654194668117,10.24783928421873,10.838242769022367
-12.233733225759943,6.376671720199015,8.394367101868962
6.16553006553659,13.417982104839973,-2.7427557486397927
-13.332616367143357,9.604826337403878,15.88256238973095
9.633207933123845,19.11658646033526,3.0195016242933956
-1.5259439475119199,-2.8239241677666747,-0.3370372400036441
13.263006003020028,26.830657285171036,-3.980621461130902
-14.91072499708758,9.957175608953365,9.772323579706045
8.467181152708875,-5.402753934899687,11.939109046057059
11.697697433514401,23.408006175324534,-4.585304276803596
7.736174869994231,15.148979951149563,7.802326457482025
-3.2201946270079578,-7.376384283055012,0.6623943799484486
-9.456004760613455,6.326474512918621,11.129319760236246
-1.9155204169269293,-3.675442271822491,-0.6408392748752139
-11.553797222711745,7.548775527670916,12.273443452561647
-3.8862203436094056,-8.142857786959077,4.668383657513434
-15.517165340867482,10.690365781600033,18.418249718418362
7.002220369493125,13.767644602810341,-1.5619763963501687
-2.1686507329367455,-3.778571030264011,3.526658776256463
10.303119212275863,23.01552963778994,-2.163161968985273
-9.227506170776742,6.463067837107705,18.11734045696407
7.510059654337897,-5.209151619088701,16.933483834524527
-1.4786015021680778,-4.909023280370729,1.4485406928788898
5.1636618092240765,-3.1683082339620694,11.499601150854478
-9.3965516683853,3.6650411764566186,15.430555005030396
-13.470082817779707,9.89734650030487,8.880020289986557
-10.464875071029322,6.138039483183682,8.241264458900162
-4.697097384986252,-9.422593228450268,1.0463072725112923
3.1015244347731405,6.816178527547795,-2.6724308048525196
-15.321988866971877,10.114003786167379,17.430393948833167
-7.032620841386144,5.263533651117678,17.51045142908326
5.022665722634173,-2.511308047290782,10.827536431831698
3.451730178338191,7.08306260596652,3.4757447762175175
-1.4143535071142672,-2.3558031241143924,3.730239365316523
5.067083264499534,-4.214459280752662,13.148891971755983
-13.364892995250607,6.924608411020408,17.42775649881443
-18.491888085233587,11.033291022964104,17.177160606627933
6.512806347845687,-4.183406188266531,14.496888646440595
3.924120340724825,-3.4620960186513985,11.050791153857194
-2.9945074497566067,-3.35744209156101,-2.8965008751237793
-4.098145478030847,-11.260212295889795,-0.9592821476346556
-9.058527595813572,7.11253178971678,17.463854713176982
5.656246317416545,-2.771017574938922,10.160726491489749
4.1508337018167,7.917142817099111,-4.770073709584259
8.458250530262482,17.003595668054533,-2.4632114283491973
-17.107031504026086,11.069302192847946,11.587544227701397
-4.261454833655109,-5.822310065440503,-4.873460403844533
10.403554213418857,19.52838837880586,-0.9797987145625333
0.7800482214362154,-0.66583641987296,8.718344734164653
-15.223617701984733,10.248662427870615,12.297379942317331
-9.754962110794747,4.8104197835751545,11.299031487565014
-4.524521286619175,-6.41715178189852,0.6067327365139947
-17.28735118336465,12.422791750658217,12.804480533688398
-3.361763068836814,-5.835771051059405,0.931227187420002
-3.1246177961901296,-2.979730559797236,3.1349924539816936
2.644352221999556,-1.9541032845041306,13.662285127950604
5.3305320352546115,-3.7252689779610715,11.240822476180366
-9.674937869306788,7.32570367110666,16.23058526235445
-9.983617938119268,7.157755436041272,11.440322307508584
-9.690671167453235,7.488862550786939,9.207715083386791
-3.1352543253936926,-6.249422923101225,-2.658130804297688
12.892659101354102,26.374851439693362,4.192895076485838
6.975098740368066,13.618119048371648,1.6300591920431362
5.764125218311493,13.99213212501305,1.0997410844770892
-0.33820642006825663,-2.1433828953743226,19.32526386881114
9.28760668319047,17.322402407839938,4.827443116669009
-15.674419304637423,10.95613456651326,17.301163879427833
-12.819369714823765,8.529542697436195,10.778465649931572
4.9240333906101,-4.632558402992093,14.870282588541212
-2.8932128065258267,-3.529042808549599,7.565927327629803
3.0748144235568042,-2.3913925576432593,9.422597115658977
-1.5449787772368362,-2.555226877249968,7.312942345471598
-3.1613643730095307,-6.849377247039369,-0.11892530504888743
7.400003296061101,-3.6299052547184125,13.061302881537632
-3.2783911708109783,-6.605054968415001,2.019309061021395
-2.9211039034014914,-5.610293161552832,-4.392100839213654
5.499455567212659,-2.6649628747375322,11.136807397679195
13.468722073435515,27.22455001946291,-0.5722330148237766
3.8851767687759478,-2.21781739204424,18.51146460882286
-17.09523191789999,11.424271944924453,18.848214425064683
3.1584944096165763,-2.1100836674348313,17.871609755511212
-2.6647613129300516,-7.549016711394187,4.253967506386109
6.434524919446083,12.275456757488396,-4.613584586778314
-17.81164500242411,10.81396942760086,18.207964064693133
-2.271315202783084,-5.0099243729911285,5.704603707932858
-13.82947685260649,10.362429163471829,19.16637047609174
1.27295398113572,-1.018308193599971,19.09049942723132
-8.533863347513568,5.958990034747396,16.325236386684
5.3615324572687815,9.165886590861334,2.361222301739642
6.904725439391013,13.481086985043538,4.627443215048132
-12.151735199334956,8.04222679060621,16.278416787921422
-4.404564257069642,-11.065688783233883,2.923050128906942
11.08780455487132,23.381904616921553,-0.7626813328476878
2.7727142205513005,-0.8961939078725902,8.920031561458753
1.570008855534443,-1.3977467743930903,18.403869354019523
2.8248606712856956,-2.1899376959473087,12.400744916874324
-10.064943787698482,6.096481141787987,9.251529252234125
5.803792908629825,9.45500485469026,-2.5705876557307867
5.4330497181060995,-2.8809815939460255,10.375180667479244
2.9476510200415103,-4.133815595086883,19.75134625260658
-3.21803587819822,-6.648548037744338,-1.4978996190868994
7.806569021668068,15.538619561142243,7.9582413090934185
-13.283229664554689,8.540792203921251,16.934326798198885
-14.766257452382575,11.868925237572316,13.51921544385511
3.5789665358533047,-2.807765235804769,12.425393524881699
5.649926375299576,-3.7422295201916347,12.56210209967773
-2.0113308306419975,-1.0586433875587584,3.987278780493879
9.675549743193347,19.263351312218287,2.339796106612334
3.9852052944589595,-3.179624000235237,15.23402888696284
4.607536634645117,-3.1075591318589084,15.25283486697952
2.533475292298562,-2.948373623288792,16.676807964502594
4.129465868650499,-3.5978083864853594,17.83101381391178
8.983173058675554,16.741916897255702,7.783559971523445
4.754682787363424,9.93747605123397,7.53790736717999
4.312163892252109,-3.2367686029640597,14.957379474169379
1.4859092689838804,-2.3800736676041954,11.24909826944413
7.209103374248931,-3.1558214743291026,12.549171931442583
-5.456201076930749,3.9342016150960397,14.894816735902527
5.342344497033279,-3.6176366093942467,17.25013354543916
6.5907495623552474,12.07737032696821,3.449878921288395
-2.552138252248206,-5.830041384049717,4.389573815998601
8.119903614953866,15.584116835296147,-2.650451503978275
4.545040550720843,-2.842945418590559,9.45700352490435
9.37177066996258,20.43526139831647,-4.101443155081448
8.06670264277634,19.22599688985209,6.639950453311505
-6.763659170115822,4.891690178984753,8.566115867689415
-1.6075278370574273,-4.337757332937966,2.16353130320711
-21.57960183900058,11.905637829876055,9.770831514225268
-2.3815116195435246,-5.5453217737576335,-4.237493751523765
6.260821555379495,13.712647631953171,-4.06629528126964
-11.567989129466929,5.817675808151085,15.565014016491457
-3.7961707046937447,-8.140921034236538,4.0047660352815715
-4.344114470363187,-7.977874670290977,-1.8234871837028805
-14.540526689225187,9.469329131199856,8.056081501370109
-6.408902448957599,4.050961231485308,14.249838827465272
6.224797202398906,14.260403206027554,0.3955256874210793
1.8982927550285105,-2.967424422591438,10.572261895475007
-2.7860961317985184,-6.143197056822794,-2.8663133751558
4.149380919922308,8.473326760478773,-3.7079569707848075
-15.940055654931925,10.394705570442442,8.2838657892037
-10.528197642200675,6.9864749809655535,8.515878040252662
5.500133809114723,-4.325509911682406,10.935747537455164
1.8844783205778217,-2.556119769782564,13.15228334306654
3.2356521252188406,-2.290358709494193,19.396301986563365
6.8035818949597155,14.096939386525834,7.9075087075298836
5.619552983151626,12.632490068485255,3.07391182353115
-8.338584624317601,3.83347427212521,14.879654869217593
-2.3097631996197276,-6.833470410583046,1.770806281551856
6.171216490259175,11.844663461195632,5.974285517640903
-1.78262643024837,-2.371722813019651,-3.038590466443351
-4.062297155166374,-7.57078695490027,-4.366231414613562
-6.112991080014922,5.161347765754673,19.066210366948127
-5.160965394092703,3.6997436226304545,15.899503012805145
2.8306575234676217,-2.61689978792678,12.399355152342448
9.421200563186495,16.375467153057123,5.223823610356748
-4.588464540417558,-8.616828601206302,-0.6676419982288557
8.083319814164504,16.184580722758877,-1.0890739332228487
-1.9180579402591509,-3.9157736840151975,1.256072454114883
-14.180489749148009,10.310404559639757,8.730666617653013
3.3198906462303848,-2.459975768383078,12.86489806750156
3.2262152158170383,-2.062439877795235,11.504934417943282
2.0218139224396285,2.9229867147594124,1.9983474236485712
-20.40460194446347,11.611050970384229,18.871632016579852
-14.460617647071183,9.136987924105952,13.447422917394213
-14.229496798446734,11.299111236193248,8.858851312785017
5.732101716048699,-2.9600636027853096,10.293018655858805
-2.756362952972479,-5.7445225828223885,5.490001560694747
-4.11714132687651,-6.876272230612655,1.1932747375289363
6.376520765640637,13.040387925697896,3.899316966281539
-10.153806700565477,6.400588681389667,13.946152761609227
-1.7502192985963934,-3.903756116016228,-4.640162784256104
6.2869845053514855,13.41218747872636,-2.098183987327094
-1.1866560480172246,-2.781412201254151,-3.8499339494561813
-2.4589432365073622,-4.584552992903558,-3.9817799420257467
-14.131958887660439,9.302420413937071,16.38651460027518
-10.61291296853581,6.679907505367612,12.59144648450059
-4.3283149514650505,-5.820409498264272,6.85434572718313
-1.4864020253472217,-2.4466805825512328,-2.554145983724963
-4.108257461815986,-8.854128014697913,7.290396877920809
-4.747453084695065,-10.048424755953242,6.836794269514142
8.218945547383973,14.566821721144995,-0.6699532522496208
-3.0833842752742933,-7.858860227272805,5.846291230949326
11.74645643002967,22.86705800988709,4.962618359934336
3.2279667668160794,-1.9863242594561366,10.396252451305411
8.12226765934972,-4.536523614943784,10.877341271691096
7.462724112124804,15.118028310954372,-3.8673997556988873
5.838585681804246,8.196599011221906,4.365315365661781
-3.444655778472652,3.941111904942167,10.64649789285591
-3.385383327525216,-6.3477672211474045,7.5784064645021925
-10.78481494912311,7.64768021430595,16.412246029708058
-10.494362373625759,6.902485122821929,11.467340790473624
8.039518860279598,16.335975117851397,-0.9266393229642578
10.018827499547024,18.338199227438732,-3.235781314989254
0.05419471416110788,-2.432058256924868,11.06048195515789
-3.698604835596054,-8.10016572068069,-4.337217236459455
5.191321053460366,-3.300803312216929,9.644389531836582
-12.658626013253281,9.131328590898711,18.50575603562394
-12.50939714814143,8.516936949586041,9.386854446896974
8.385841717661025,14.78330626304308,4.704248155163048
3.4300609053075473,-2.233532631888404,11.08220546105883
-2.18965498446369,-3.9744555317412606,6.456322262287916
-9.884872871956757,6.1234927560469625,8.640419732898373
-4.012018738939718,2.9111728929553173,18.53662021941313
6.802372356595615,10.47723168632096,4.652565945019356
4.475891467049135,-2.9959069923245436,19.029764095597855
-10.788757140931859,7.05966904756466,17.63376604890159
6.25190445678718,11.367261797699605,-0.10522163026758946
-2.457295602023276,-3.473286232348302,-3.2659674781208636
6.26410507316655,11.98067712887143,-2.4805499655643337
-2.9003942434785595,-5.72702608457722,-4.544454358711257
-1.9510300574088297,-3.0379212791085264,-2.63892598110179
6.556391212292652,-4.363372624721158,12.075169335408923
10.662191848225595,21.330668348675314,-3.2202837884942754
-2.5823263015162135,-4.0382062672929315,2.9743907573440325
-17.71602911452484,11.977262262261295,16.121882774236365
-3.98780883458802,-7.484759396033509,-4.418201606604353
0.7520883942293477,-1.2553608267413185,15.361712064723395
-3.281019647271586,-6.906584312347287,2.0463693693349985
-2.894250520555647,-5.5457854940094995,-2.0458793094585936
4.630971545575947,-3.592926533048022,12.418429134103768
3.9532101751967152,-2.5549641358838104,10.7235711694971
8.494977381684208,-5.3306547635468995,16.936800338176322
-7.329304133259578,4.757078445287809,13.376776095097146
-21.788254943541634,13.548003179904446,15.087023259621215
7.160672512700696,13.068475804961809,2.050864314282662
6.817871444125892,15.202837828578968,-0.5640114055069292
0.7932708508767385,-2.740426438519779,13.765368791021459
-9.001904051791815,6.087520128109682,15.170868481681602
-19.05753589331774,10.09559219892785,19.76262855001683
11.111245190052644,23.25188465487679,5.315441922785663
2.7854603526917785,6.445868950655541,4.3004521448195785
6.395095927449795,-3.297610962116695,14.410324018549922
-3.1845846632453156,-5.435031989801138,3.520088506325447
-15.440393400957868,10.351740359556706,18.268933140089118
-11.810085113666553,6.600643816011295,16.460318796075295
-3.2947792842997434,-1.4108522891984796,5.724850684375459
-9.772497558882506,6.278205833942712,13.771776694787434
5.3522041455883285,-3.6176091818007867,13.863571852117058
11.22349215857506,18.356274964761923,-2.421903279101685
-3.2095652989445855,-0.8898644179143771,17.563822666989168
8.671334966162021,15.324712137349831,7.6313093111964285
-12.854770263795839,9.036619962761957,15.661436652693542
5.139346421520729,10.697721947775616,3.001240025765293
-14.924853109743847,9.32207825453255,17.388080712405014
8.890006573062566,18.508643768187966,4.730041968354078
9.960318977161752,20.092154308967594,-4.729058712992541
-6.868765370865123,4.9571989941177375,17.63454941048159
-3.6303124792529813,-7.988360983454505,-2.717833080346661
-2.149352332217749,-4.284484745436811,2.982840939760372
4.95190662561254,-3.4793368614408515,18.751549176270125
-14.84693986007916,9.491956949187442,18.765178673438903
-11.483411977080804,7.867929988563078,9.335947203082153
5.907471573451509,-3.6095678288359827,10.795930304244981
-4.525929718772596,-8.660389109693455,6.211138049457995
9.781571209616072,18.583498626976088,2.3302692924516135
-3.9494243267257643,-8.044230034611425,3.2166136342478993
3.884486541979594,-2.5084578791226906,11.81296140192596
4.341845501348664,-1.8353347914984284,13.809363235942001
-6.035495837279952,7.269350595245577,14.789476093146213
-14.250823305740644,9.611570615794243,14.740453569863845
-1.838601212568594,-2.727018487965539,-2.719847423782741
7.756657953343293,14.16686260341216,7.3605076175645365
-1.785202943105615,-3.428425895967929,-3.5610309995838927
-0.08649090712677454,-2.3081188551449126,8.738222058093388
11.33725811960861,20.121879206921832,6.038262534334425
-19.288530754293937,13.050122767324119,17.192604568957496
12.084870458809121,28.15209594784535,3.7728753138019666
12.42192945814855,24.59342245826638,-2.0733245893098533
-2.296358384206825,-2.6388215431080333,-1.4252079486791036
9.028345063417557,-2.8588307013084586,14.037765792936806
-13.497463244068514,9.373289111395572,10.455451582906527
7.8346417878158325,16.09940917601085,-2.4719330969302438
9.395729186889492,17.6969797232653,-2.8973298471250644
-15.688398620312164,10.694128273822859,12.524228286478
-2.5958983449909914,-4.970396328081287,-3.1809248408951616
2.178829003926764,-1.1800511494503296,15.546501482258904
-16.48112701605882,11.327167950917918,12.656055678912406
5.549347059256225,10.880257472047754,-2.966280483952506
-4.6547282764099975,-7.460396151478939,-2.879057147870202
-18.436965423146898,10.782264168452329,19.665989462529385
-3.807435401469615,-7.374461666686149,4.356769893903008
8.82985639166716,16.79806094258892,4.266053676672273
-12.15046956693464,8.529696696629557,15.319989181437563
4.315285372871519,-2.9252237320780314,18.681214434596466
-12.192310812366781,6.788428089990089,19.650026595571774
-11.069774819010158,8.771125270828787,13.834454631473541
-3.6662842005099066,-8.196299408405016,4.406489638272895
-4.729897831726847,-11.05950003271196,-2.912482082533281
6.102016456267791,-3.462815686339511,14.42867289818592
4.292233476987352,-3.7611863848144758,8.960106243395126
-1.630745202578124,-5.339895009130635,5.605550231174407
3.6239893812289954,-2.6679347508355935,17.6588596273684
3.2047509987405185,6.545111810202363,-2.2200629423462166
8.591044655899832,17.193167974967913,7.3156276072714785
-4.426378922281408,-8.877390105959133,-4.716158880814524
-4.885766918754242,-8.736565356923947,6.716516049853157
-4.185860547130203,-7.773861997627515,-3.5924181079540665
10.823683973359866,22.93619426631762,-2.029552093298202
-1.776146801426272,0.30629584187323733,-2.061843830572378
-10.148752076266288,6.751539253521573,11.230257552901588
-5.363101883186855,4.327691340824516,13.651121981635583
2.497468463126619,-1.9455683450267398,9.584219127428991
3.0482256308815647,-2.655054998453715,19.054313711863546
8.654875873353284,17.48247424224485,4.371764488092602
-4.233268826296877,-8.355243416570751,2.1428021570465186
4.0497330913732075,-2.59791174179706,16.714978204736507
-3.908650295741438,-8.82330937899601,0.5898959629863159
-8.473380499195198,7.522896703391623,19.080563486015283
7.124953863522148,15.154923576701638,-4.696138132754592
6.939310652803898,-3.8448984534104738,19.246970667690977
9.299997689494527,17.781304310575894,-3.921002201235597
3.05010719512183,-2.4610808148562655,17.278577842451778
4.231086495626898,-2.6247830428428376,8.192527727157497
-7.913627624830874,5.040287059868751,19.82411990298251
-2.170870172663886,-6.86599210450061,-3.1550858816150287
7.296893430415551,-3.732892885727226,8.84635711003302
3.634188434171942,-3.2057685980296675,19.232563390477473
13.63188659873664,-4.401002838156084,8.07744610425372
-11.704641651810327,7.086660117468823,10.734965953381563
6.186393987379506,-4.110003571885927,12.393717224615429
8.053201092760158,16.108956734856324,6.363526619194332
5.1362371201560055,-3.512145732348133,10.688952002101587
-13.179712408410406,7.246256591197816,9.607857798077506
-9.225476770823603,5.766266915280979,17.528950262274723
-1.7787643399330395,-3.800636250392783,-3.863840491463553
8.812535340641356,16.87824135490727,2.0240797398057584
-12.682360623840667,8.28467350077421,18.760287101913967
3.535763411062149,-2.8621554951192167,17.25659459727291
-2.4945957265690026,-5.622198242310347,6.391418819642823
-15.109350509846374,10.867197998129749,10.503314945038419
8.82835411694835,17.06779378028974,1.9345295745283169
-2.0087413418079114,-3.73594293255944,-0.29697100690596745
5.2792012824273655,8.712474973255759,6.592460123499555
-3.8201768790460253,-6.534282982398469,3.83380570065132
-5.723156353582622,5.113263143417835,9.591402796271801
-4.095400903009237,-5.439539836825039,-3.056634075875379
4.425344687553395,-2.990119390170237,19.359870191654164
-14.89068089202598,10.040017121936058,19.65526861199007
-16.817626666345763,9.747534050032513,12.454042850493629
5.980592769167064,-4.117418173513396,8.40240915860301
-3.2701599923826636,-6.058872523174791,2.7381904071581937
4.859650086817587,-3.492755211194079,15.344875492673715
1.379161012069921,-1.287332287161431,12.118279313846983
-2.219657188383554,-4.581237630526887,-0.9345765163777173
7.646860153437801,-4.008664001166828,17.773179612346063
4.611391710692397,-1.7485435781857355,15.563431073079226
-13.4436535869937,10.024723304152792,18.7449978322981
2.174593178460331,-2.4936330224737455,13.142987709709
-8.38810815429066,7.757204497312143,10.335379898394747
-2.8510899241536283,-5.052602842368142,5.456075907265472
-0.19845836879696654,-0.9192340959608107,18.31821208385033
5.719212405078366,-2.4177555224362393,16.65159723751021
7.835063447772974,15.306337547899767,-3.869533247345265
-2.870499548991901,-5.828893058297658,-4.3408256375687
-4.416433628196194,-8.664136711531603,4.41158417195124
3.8035597864468493,-2.566611384266105,15.263833269545824
4.856864532497326,-3.5186079790302944,19.681903232873612
-3.068277622639338,-6.172945203049936,-1.2395777224117954
-6.160733588560271,4.746641182911052,9.853267883803378
6.01947773453827,11.539023265471213,4.522271415775538
-22.06789026980589,12.892936334099096,19.24785994536508
5.343790545597932,-3.312421791495049,16.052973078392718
-15.860068805577704,9.247713913664857,15.958217617778445
-2.7333272362166796,-3.371373617088721,6.717328994874258
7.458869443071381,15.024574666003117,5.37048755844163
-2.5966996097547184,-4.940231881099184,1.8351767982676561
-3.4652168666180803,-7.273212299255849,-3.590612583726822
0.6055347494923506,-1.7134026306023755,16.61805940637633
6.087487046213016,-3.34961499003555,15.32252522825194
6.359933161845335,-3.2922552154438405,19.992941832153264
-5.4669747077140665,4.05912072775141,19.915920926847633
-9.010688598336309,7.360173595825617,8.885792640065686
-17.57561576769411,11.57364450511002,14.224685379512763
-13.47044999929546,8.877356262239267,18.619143247060702
-11.931409062801107,8.685068381680214,16.241184766935287
7.4196767036288644,14.562388329804065,1.1837025435799413
9.636691543705783,19.240902399987405,6.263603382752338
9.682358011237598,18.93458273002764,-1.7710146212126254
5.169498428444505,-3.6921522120768904,18.85127568146806
-10.852585401270794,6.814136395241318,10.154365861272002
8.183586298102798,16.75138313645046,0.7160701375865681
-8.489383500735807,5.120329038533065,11.792517110146417
1.4699975770145564,-1.7386818981499537,10.453206011447396
-1.5038977665744402,-1.418506787490702,3.9540679508210133
-3.840470935685931,-11.086600350995129,-2.1610601950092745
-14.051421296528526,8.860889423219891,11.789329889819989
6.595820568457991,-3.5072714105938125,8.007692522594832
-14.14271896837318,7.734446265394972,14.307959793390982
-11.512162082217621,7.7961929329516275,8.004087527799834
0.4738113545155831,-1.9954070908735095,16.304537507963502
-11.628566707207836,7.814078502953214,8.797670969362139
4.751155734340253,-2.0655722167686927,9.023449288384656
4.235221902778419,-2.93007073285936,16.916340066458627
6.522957253160488,12.252191217708383,5.087071655309925
3.0363474489555946,7.4250784296026335,-1.6496192887339816
-2.322640478313578,-6.922318212961832,-4.2804330921665255
5.276416099417842,-3.675481177039928,13.878431391840476
-6.608412307714748,5.034826921501467,10.507738783836617
-11.986715108133174,7.5758296030469445,12.60199420248059
-1.301907093666267,-4.780993246299433,0.3241040377227682
-1.4322038688035277,-3.8140725243260047,-1.5907131103307561
9.308487542255039,20.184215413939253,-4.636383358302952
-3.469141365079098,-7.670039416347384,3.764688970164924
-14.602619779032096,10.4324913633325,9.747942171365827
-2.518216292138716,-5.363619449303323,4.806101127493308
7.058248925241086,18.327168900489767,5.936873050593226
2.9959957159176787,-1.8845667026188655,17.60396736234371
7.299327238841083,14.871487266798475,3.7063866755825092
-4.836071987502539,-9.534646288891429,7.84973722899527
-13.91639320111329,9.35707087817669,14.591325318528575
9.658619322878778,18.636124144952667,4.913569558031753
-14.919854427505042,10.236808786617845,10.552167505696838
-15.276567455043173,10.293287903396939,16.55909271866863
4.855921752509067,-3.765860090086303,18.73801559144105
9.546575300274355,19.774678614345117,-1.3231629767740518
1.6038284604895545,-2.67456314056619,18.16469062903736
7.2845784082800735,16.519108820755953,7.302907326988455
-3.316765105935647,-8.44632473466167,1.456109707473959
-2.9241226100401874,-6.007479299313088,6.478393905956533
-8.339564483221638,5.824359441206937,19.500814382136927
12.055482753873573,24.11152273338404,7.31545234982174
-2.8036955830756445,-5.990238286061966,3.218790257187706
-10.390486003642833,7.301079239333642,10.835021357918144
-1.0984407448863298,-0.5847989714283106,1.0036404694548269
10.955585072345787,24.135399688440767,-3.103416797283402
-2.3473535928229214,-4.383520089115436,-1.7780069522337696
10.912580262098643,21.94524767642253,-1.7988540260556891
-3.7601894489620866,-7.738467206317045,-1.202432662192641
7.0561133589776,4.414739662916185,-1.5293206837647464
-12.815616211617428,6.105359509985309,11.021868620080365
9.521019384498066,17.270745065836085,-0.45299789002137913
11.545600886893912,22.839469295533036,3.6416820830965797
3.7850437629619167,-3.6190727365172086,17.419710247650297
-3.031512324423023,-5.997158812003891,6.8490410065718095
-16.296780286248556,10.53661346609853,11.68894346302568
-1.794043982095458,-4.049363602526517,-0.6920032199592541
-3.9169275453299295,-7.663084543592012,-0.19277452978323062
10.589311606457581,22.547937920253666,-3.9782845933380284
-2.2549694370872,-5.495365667441964,-0.7766234231958862
-3.4595489411617564,-6.652248117509147,1.9647584757989653
7.259884749196909,17.13651610281885,-0.5747378930813296
-0.44531367409788425,-0.8042533951193879,-2.78243665607361
-1.819509122027039,-4.399413567439547,-1.98410322248498
12.927160676794497,25.170379383060265,6.519469200818143
-2.163671280664544,-3.3601562438502364,0.15834296014481275
5.99461352122589,12.32041673498648,4.106746526201887
-2.4012609840068597,-4.682691403565345,7.585431771371422
5.494891555899243,-3.1555656945218358,12.259870715734131
11.059275851673227,21.88519928390597,-4.017196503972526
-5.544774408300501,5.053899132849885,14.985259972726066
8.75927756332996,-3.9788142460811393,10.697509737272695
-3.1813854031092856,-6.350836566994446,-2.9560242012782023
5.307612380633083,-3.6859980417194214,16.83946560266943
2.8045904051323705,-2.0400433255662547,18.02181001329533
12.982081563175075,23.86771848995785,-3.4730510036284064
8.431316957307725,19.26097972378393,1.9219412036800936
5.4919203408342145,-3.542282337762664,15.155031994826533
4.798379382431723,-3.3615885805755927,13.70649225959146
-3.840391536205441,-9.825248709577723,-0.3869745160905671
10.489679941647319,21.146552334153576,0.23373308341775711
-2.8151321161473652,-7.471882850499922,4.26180256978455
7.489261666745407,14.455374766180192,7.113074629775532
6.436458435206948,-4.149371610215873,10.456369288257399
-1.7975222523469918,-5.425294228909682,4.222840989244311
-1.9048395882797682,-2.972802215930932,6.563367903328697
3.2016794944697797,-3.813530349366236,13.686773453343914
-0.366462059968395,1.321820879381813,-4.082919927735053
11.447906470493745,25.209111639333646,1.3109236086005192
1.903129100227723,-2.1557167719025823,12.83373964711381
-0.009152790642847908,-1.4707034491604667,17.380170942179983
7.414162722394841,13.990535205667477,7.7919360528916535
2.339629659762032,-1.7916521824264369,8.302837131632891
11.172931641145949,22.650918850595833,-2.3206997165055987
4.196007893418326,10.867666047708653,6.1853091705863665
-13.605555356750378,9.263316250195164,8.315431661375579
11.500999486988206,23.04993238420056,1.0617625908682413
-3.5925095652129304,-7.308693651043668,1.731080773734524
-3.5171830838060685,-7.291306818185015,4.432104077615566
-2.713805240951978,-5.461592826568148,-4.498220055556841
-3.1977690447056144,-6.384079198815406,3.0519791395794567
-2.873476794981945,-5.605347571082347,0.28620017491361605
9.367402738658226,16.405770621045153,3.187433804447867
-0.8963268969382798,-4.187679712341513,-2.0059467045187196
-16.94699599638351,10.052417210921002,17.263182018497375
3.9869146874769483,-2.880399737332896,9.839811338851217
-13.746197157818246,8.327551905196746,11.97755797861224
-0.4356300377129072,-2.8979250837526163,14.729280965183456
5.216201918930018,10.411474491159222,7.461054973226432
-2.889610360892303,-5.167998964449043,-2.8269927978144076
3.7089417927795374,-3.566128588607568,8.427663545463695
3.0382761314197078,-1.9598114352072478,9.671027950521978
7.300341929069674,-4.312182477527783,13.635986854608248
9.256787229433142,19.596054143198998,5.7914886557419845
-4.52729569042781,-5.920944704951161,-1.810492430110906
-3.597423365143228,-6.575431881310409,2.0943976449681116
-1.7989852388281096,-2.6606319621826167,4.077057409965878
-11.899649480608058,7.084395756304551,11.147931033290032
2.8839073989246296,-1.8959293907179502,9.269457616722796
8.9961228071447,17.759054167486426,3.9024181474461557
6.220180292294955,-4.168741028493127,19.66288121982449
7.262732244450833,-4.732544024354354,10.144370483922179
-0.43009296452466517,-0.7086955171960954,0.9306697933998622
-1.7953255600062956,-3.4539308286958144,-2.4554381844899065
-2.385158602697027,-3.872634223232203,-1.1785215203916994
7.344637140330236,13.3663837396548,1.1489432096127032
-1.1904850814813934,-2.3531716287964213,-0.9829656685111079
-3.0017365232756954,-6.563397922281674,-0.3358243987173557
8.160417814061685,18.465976684736848,2.127379217346178
-3.891218500106751,-7.492934839708971,-0.6656601176311296
-1.0086106608736198,1.7229124964963711,17.41913561566063
-2.06379099042005,-3.912046357179707,-2.9941563584589446
-8.605526075508786,6.903135199879267,8.112784739256366
6.569514824266391,12.215938732212022,5.259920674741538
7.445776476895526,-4.834808029634556,19.55946542271516
-3.7250967209741774,-9.18987402298547,-2.1990274457986914
-4.4891464178991285,-9.546449581873055,4.946389976143541
3.635743528949659,-1.8174342729391286,19.236760831884222
-15.609499922612445,10.498547581694778,16.637678147349508
-7.646785848336308,8.497374241208274,15.426801773731999
9.623743412148098,16.92919735133804,1.4475706761234957
-3.2766358691614466,-7.371297298767103,-0.7278103152483544
3.204543038194757,-1.849392449406931,11.716080498110774
2.8515919873284177,-2.214187990703191,18.234399728189643
3.71908814284267,-2.812461215586038,8.919072325348244
-13.27636024250616,10.636030280548528,9.290317236747496
-2.618033542475905,-4.622433978293503,1.999477341507104
-6.992528445475867,4.347687653370857,14.237323329798421
-1.7097388709539354,-4.18638044208829,-0.3239062860619155
-3.8332949582424902,-6.83009315367838,3.0919809101060913
11.353579938434256,24.286993253780746,5.635910965410419
4.2295303641151785,6.378519818911794,7.690259467111375
-3.292008545513026,-7.039904435842846,1.0602433103770057
7.056644807630475,15.376999127864309,-2.1290793815199116
-13.10796861897843,9.058030936142544,10.265501061040816
5.164009043233776,10.3291773930655,2.2157638310063943
-12.580534816576241,8.072756770812557,9.530955535565306
7.677752039704526,15.747994934509,-1.140932118144942
10.042169923830656,18.750158910645812,7.0285025463704365
-17.00100449023244,10.878049101964034,8.314735813789646
7.490682179896004,16.179341970980268,-3.704411579439327
-2.6611084017814783,-5.219276397875005,3.4151069548480137
-2.9088991333938776,-5.583813707928822,-1.639633076525644
-2.6211894705034067,-4.699757058829649,-3.4156257381808066
3.5949641141519364,-2.062672708179123,19.74900580974863
-2.6385844762280204,-6.768020005460494,3.058846124368074
4.523887558690745,-2.8127044501767817,15.246861146365873
-2.0034753661034195,-4.247439347672792,1.3660163690940959
7.923637096381944,-3.264171009915334,12.037568055598232
6.421899072183624,-4.253295627303265,14.005696497242162
2.943860607018526,-1.9521488685348434,9.890968515196107
-2.7851734938833985,-5.358720929366362,6.78940471375396
-1.600716658729949,-4.139393954400551,5.296022853681713
5.511490992438131,10.935305550240527,3.7217066635748832
1.579524916127959,-1.3487634213127138,18.238228606195648
-10.237714207315326,8.052650495910898,15.765485194693227
-2.584291142930077,-3.40863591253667,19.125672766662813
9.197046870532688,17.30234541528942,-1.892569412861382
6.8818153941197435,-3.288392200300299,13.271686880091107
5.702753385395292,-4.041847545440529,18.458511420525944
-1.5444191815106463,-4.597493833344316,-0.4691733458584961
-3.1064878831805474,-5.284603422587783,-3.3375933158305626
5.4260376365496725,-3.605392923927539,13.528016232251478
-13.838482914054378,11.760535707074808,9.361827829497798
11.090665922083094,-4.6255993666594515,16.0457194189568
8.721027871790154,17.072670611682554,-1.5056905843427626
6.291094686217576,-3.5171370804487623,14.881682796497255
-4.0637896161020315,-8.888716810886999,0.04068300119361368
-2.7646117394519876,-6.069268279181268,-0.9086014283573878
-2.079988539994604,-2.4960935518138987,-0.8933550517251767
7.34104986148698,-3.3119870086480043,15.364368005784552
5.642721712428132,-4.058503720995812,11.629930517405004
4.381506822837552,-2.71136784910162,8.076635619227982
-2.514998708476772,-4.936497680870821,3.970762103087562
5.400082591102939,-2.7796481707264546,16.930013520327705
-1.430133563740033,-0.8231872457379859,4.811127685565884
-9.207454281765955,5.7727759701448536,15.414985986789429
-2.0672563916544213,-5.274698827958801,5.97837271425546
6.718986963439706,13.44468666821061,4.42361073562269
9.975946312607132,18.78568601892776,6.566994641740161
7.44839312471057,14.706875641181089,2.5344468541035523
1.430753684957228,-2.5878908389797135,13.690234504406277
-2.442695706219513,-6.149828817996981,7.568009752311978
11.286949563991259,22.19582858712309,0.8053173786704324
-8.670323090934533,7.172554565965986,17.489364331864213
8.697479486871185,18.353469610176006,4.5972805343302845
6.478454878019761,-4.107983042042908,8.588821527849715
7.117484460182243,-4.084371208457123,17.661802774113674
4.261271435244876,-3.337188137791173,10.605949897849802
-1.8166761895568433,-3.135509245062209,-2.077548982290898
3.6356095548985814,-2.466352004631113,18.495803090336878
-14.545598642057548,10.002702409470464,10.692701326785446
-4.109952837036249,-10.413800436825781,3.3726403664271523
6.489580991710364,11.15381444520874,-1.5181981834153184
6.6200781923419045,-3.264037761994401,14.850629731757401
4.082646688292366,-3.0454649761290042,10.501818898212838
-8.875221276744051,5.982150042551659,8.336527299408038
-21.992577494846888,14.035543280596833,17.34731457627394
3.3109534716369113,-2.4042977498244853,14.71493028061327
8.953110666195181,18.552209274202923,-1.2081280066812203
7.3991794064174625,14.008606187651935,2.793051694888706
7.642210657590556,14.905011598303117,1.2122284953616438
-1.4773704226629896,0.7502655493125028,13.598657314316924
11.783340695889315,24.543819961619175,-4.161689131605516
4.50904565821043,-3.219031814352478,9.247242121782913
-13.482576520261443,9.428520969296951,14.061467143517262
-18.378996049406407,10.734244101728603,16.919140919043738
-3.554337967313331,-6.4196675738819415,3.5520437178976874
4.45876993507109,-2.5120945549258136,15.53143261680032
6.363995262078713,13.415587967364878,-2.2342065761198193
9.97182127279193,-5.5884166322042,16.161307293362956
5.465485168400343,10.818308718848689,-1.8127834417004394
-2.2473176847139427,-3.360812196974861,4.932182264009182
-9.073880009866656,6.198434856023081,14.93238414448884
3.348880000189233,7.050057558779097,-1.2520643162806557
-1.9919959957067404,-3.7675450220333007,0.7312848808160375
4.2452344390553804,-3.087256013182946,13.056314209826656
-10.271164316046825,7.6392801434081505,13.000913413651858
5.410456551878964,-3.251580830765579,11.028690822132432
-14.81129527324265,9.301382644331069,12.348711111677499
8.5734008897248,-4.876718730682737,8.568111083689905
9.471631698456086,19.520389806851536,1.2949764726738184
3.7763566542120133,5.305121696604857,3.6423998375979867
7.082323985045819,14.231794492595887,-0.46005707996435863
-13.575013861644845,8.866590491414598,17.711264033340708
-12.262625260623977,8.310181814298733,9.584794869153011
-1.8837536094818748,-3.5381716102265037,5.021285419090997
-5.057966753396755,-10.07654237842439,6.550145091103317
1.9673303052841653,-2.493122543609439,18.682083490295383
-3.7602909475639796,-8.112060491806162,-1.166214922097995
-9.40375782919175,7.513308344105007,9.65574580041993
10.958067934282115,19.304657146486676,7.64721697211165
1.1190075328781948,-3.2323044937361693,10.286355885866195
7.73470121107667,13.702175905895285,-4.547245404478987
-14.16229115223607,8.94273023435619,16.803097723603788
3.1404466756016305,-3.1267360357859064,18.30295706209031
-9.703000673741887,6.475248092820194,9.128329589730223
-10.905503138636993,6.314523599154433,12.416270596922306
4.174161822717504,-3.212578627988568,18.062484529432393
5.496773336593199,-3.5520580017774015,12.680965857834966
4.911798763084313,8.278294480945416,-1.1865239271434662
7.6862831072879985,-3.3266234890855673,9.40720900417033
-15.296635253393974,10.540233804117417,10.167876159571398
-3.7286524143201767,-7.493932839018078,5.6032667825596505
-5.776897340153246,5.112835050813542,13.411105890618071
4.794996731824903,-3.0304027665304987,18.359175369225373
-6.169258573913663,4.924654390604781,18.139212822669407
5.648849275535607,7.857437406738089,6.270984285103303
11.425109152927476,21.014068899403505,-2.169048853981119
-16.039102442804086,9.77446072645922,19.621029974058363
-15.923958507799629,11.566482450811165,15.972452161148354
8.625738275457605,15.914261622635482,-1.8834329699183288
2.3013292494860913,-1.872625989554444,18.02104706543431
1.275258374379666,-1.3801753950173514,16.747409051553205
7.767543021026246,15.47013569125248,7.970951428151803
5.8149038540640845,-3.3616325236171587,9.781885893623231
-3.3637031161005155,-9.40304804721854,4.975067596753256
-2.9204952676323024,-7.593069001954483,-3.6309590294492167
7.484688731868397,16.045636448078607,3.3799310411475236
3.554814181411912,-2.582604869266083,15.071336214950286
5.7216617422697595,11.956847472289741,-4.884199424884929
9.623411710843817,17.18788318479707,3.337479292278605
-3.9804074097980378,-4.582539925477386,4.954217339773583
-10.29104768525711,6.767137860614628,8.434890073448072
-7.177903980845315,5.264088006124641,17.996390410319012
-4.084210079779813,-7.5053367524022825,3.6586498591490315
-3.1452512942549884,-6.343252385464861,3.6738300474056924
4.857659748434784,-4.68157709976744,13.43753120274371
12.210871290312452,24.245803843236462,6.305448522245179
8.340344350328218,12.461195054783566,0.6151205734995493
7.2954940482831905,14.285142345123365,6.310987903317335
8.16648142937917,18.046985567350877,-1.4785744905050038
11.345063506572128,23.994776994550314,-0.5903253373444173
-5.357334224599478,-8.005433345823413,7.459194318486993
6.085475049853222,12.275682490816495,5.473136237613698
5.080031503225798,-2.681203308841066,17.8711475267025
3.3451246628148823,6.62711108654992,4.059847477915827
-11.089655611024044,6.490274710860536,9.514708756951086
1.450090169036193,-1.4917525968149983,10.80660719798826
-2.5402194159496867,-5.45723860691685,-4.672638585291659
-10.245997069686847,7.847028905552446,11.588434300417767
-3.9721523982026614,-8.942340450418667,-0.549100828256214
6.399907839376654,-4.107941670914996,19.026757936736377
-3.15991602283544,-6.246094063005809,-1.2834318061721763
-2.1067553716328717,-2.6629688001419316,5.365603093175594
-2.322818313274953,-2.0670740558648206,-2.8662582980339035
-8.109803967313754,7.071813218464367,19.921856296148682
-4.646863858292846,-9.877094319119754,7.554875258281065
3.1016865085743763,-2.850643798534215,9.884625433001094
-4.704868601730616,-9.867157516947229,-3.323088065289313
4.007712231804933,-2.5699343128246817,13.749011759979446
7.19884362560089,13.73461135809779,0.2476398273896443
7.838081194205411,-2.096561137512196,17.451357236017845
-1.0116660064194036,-2.232461078800949,0.128491012050179
-0.4884604031298574,-1.7654295322806637,-0.23280698340833617
8.375721578941935,20.692397732554266,-4.086258303797628
11.216564525258821,21.357036351221865,6.801673627749981
8.194421465688187,-4.91021192878647,9.12102833156541
-2.6445680759062506,-5.668730508464448,-3.357284014291191
-9.286511265916822,6.197038607871361,14.388190417375263
-5.904464396577087,-9.091781903807291,6.33222086870069
-12.563704182901603,8.496986470847133,8.109756733189501
6.107182882959875,12.126409131683378,6.019068673455704
-3.3809964059333906,-4.051913727919762,5.01907652188315
-5.760555372925518,4.884339965163924,8.991008282705447
3.2811702424796856,6.615939621551631,-1.1189938517321876
10.348948530887947,18.427921590491678,-0.45179673761822237
5.871588926286815,-4.221077464088068,16.544640525337933
4.899792630383177,-3.5863606859712935,18.652886553340817
4.6976867348417475,9.561534293307634,4.332732906993824
9.947574669075323,20.460729303884122,1.7686168285888444
-11.766985144860929,6.475159263883349,11.099988580975396
5.939291105803121,13.02820577680809,5.218354277452409
-3.1390503197871986,-7.11010564765897,-4.3653411084913785
-3.566510995231472,-6.857966930123992,-1.096185065845241
-10.187323912146237,6.298760140812485,12.899305721184938
4.745095104728832,-3.7184805197598916,11.473098547753786
-2.7063512261369294,-3.012143784446211,-4.322600187412913
5.157053060493599,10.326028511367872,0.5493040483237364
8.254213488618245,16.179021285097804,0.776869914701785
-10.850323640283708,7.577586983343723,11.79731858996821
-4.721175825289724,-8.953360775797922,-4.507236556140896
10.342667187755078,20.15402287680424,-2.3972854503856538
6.533433809154901,-1.903347731233904,14.997902134329735
-1.9160790334643918,-2.0590422655447775,-0.5363834486416597
1.5656244867372973,-1.4431181634533077,11.31865269629687
-2.1392753227598824,-2.7734672455599396,0.9545695261681626
8.810646990087992,15.341751484523128,-2.513965181016371
-4.965928994146978,-10.943759157358606,1.079304774986352
-8.90552268402027,5.8871784729335,13.05667329639148
4.825551649387546,-2.682091615904325,16.392411702657142
-12.727364757066407,8.711189073661181,15.755496614174788
12.647444236108552,25.207942866358263,4.929588240461371
-12.599906104036315,7.190168747619454,11.702128414266156
-2.60380059961582,-6.528734716472879,0.12460738539552452
6.749034774698915,11.930858283076935,2.328693256525332
2.851398513983292,-1.9460790885935464,17.408395463027993
-2.111226882988849,-3.15425892445985,-4.674951912231599
6.9843938778261805,13.707573774224894,-2.8622867286382982
10.80550891924429,22.15695782050475,0.19715637865068292
-3.902699664222533,-7.479370398584846,-4.336694903154507
-2.679123488815423,-8.368305193772294,-0.4641141227550669
-10.943922416657974,9.278316610405888,9.576039024242304
11.325954214145153,21.292060665425808,5.5356137648124495
-12.053477647422712,7.820882785470879,17.31679277692437
-21.13674538108249,12.620876573168566,15.436089043461024
-2.2233539716058526,-4.115182361663656,3.5454337924469
-3.7470393206992747,-4.591172167777213,1.4855858357823122
-5.191074072564664,-9.927980919109515,4.492310204181672
-15.912158955946232,10.30149560677954,9.757373562870194
-3.3219843664592514,-6.426602621204328,1.7015910205719065
-15.712313600941807,10.418278082595538,10.60372269622835
-2.0042187716224715,-4.723196363590706,5.235291304781011
5.913465276414521,-4.578675201902989,8.801179521299506
-3.2125013646911653,-6.803645426349054,5.903163228382917
8.501128760850793,17.182425583463264,2.361643988547942
3.056786113370409,-3.4855340386394977,18.711332674053917
-8.756178246631185,6.516687775925165,14.090144853994019
-1.9053283636197234,-4.4113600533502675,-1.4971706058386864
2.578268499899762,-1.6014089953738944,16.71169939744782
5.356505355640257,10.363399466128527,7.185779956237841
6.970155121482868,-3.8047593466187393,17.363805672352285
-15.30112302895754,9.164433296227058,14.996381398682882
12.668060510780787,26.163769613655255,5.630337611730836
9.594298742954791,18.630453263294704,-4.438267291997065
8.498713248607283,14.292079811384497,1.716933984623652
-9.977517651110336,5.9551799757809825,8.540855366521672
3.6582152214485064,-3.0117235032091934,10.836955495653681
-2.996119383319593,-4.257406410843126,1.4471921358300568
-4.236520336346672,-9.632930063342581,-1.5160981481793967
-14.50207262057845,9.34820112720169,15.873255919982476
4.03011630930357,-3.044745584755983,19.610054517588804
6.749643261839429,-4.955694907320995,8.142254557567146
9.242887070883599,16.910496696071032,-0.7080178537924127
7.876987709566579,17.97433756949763,1.8076831629842243
5.680196751370882,10.861941167227817,-4.540233086313331
3.7681364747645367,-3.3541787555357008,17.857470164012476
-4.1435594597655,-9.920746680345417,-2.0562229277464716
6.4692944069302145,-4.261211851852309,9.412911887856339
10.584726972670977,20.538723167833844,1.85138051718015
4.8154578019528165,-3.110535597007682,8.854450062894836
-13.282882393901701,10.999688709451707,11.285509708796607
-14.069533377164944,9.985752829942516,15.74354509268004
-2.8729072511572022,-6.012822706800768,0.1605317940150801
3.694141607825535,6.911443116050026,-4.725104283537988
8.330466173787215,17.305028222549605,-1.5778592482798182
6.596243030740844,-3.237735077038385,17.50046604620263
-14.695808081921346,10.182295868333217,16.847251939062883
5.408843265611418,-4.426122368761176,9.935327554257707
-7.647762330983979,4.958351968682872,10.012921510841334
-12.608751858383773,9.0857401899884,11.625916863656386
6.284157882662937,12.962424959493585,-0.61571803441376
-14.32794569041301,10.146721278664065,17.860298648123994
-3.5066028082758147,-8.621094753889626,5.469263122301827
-3.4488038011627813,-8.630378039987288,4.578463206237437
-2.9719212259520096,-6.127378474488323,7.972942632070939
-3.338684324098597,-8.85551631955235,-3.825850830623624
-2.2744716269620144,-4.555477700984731,-0.8429157810980143
-9.648947328755488,6.848062465670868,13.45084041065926
-1.6359180625349825,-5.228046626501896,-2.9300333018718385
4.432697364485134,-2.989982076500595,10.078802736659705
11.436960247425572,23.08566625255072,1.1337277420330238
12.324713496708611,24.950582575634705,4.732390351049414
-3.733265093486354,-6.8277370901826515,2.217343419267497
-4.253457613225125,-5.987523425324794,3.891817911623729
-15.143077155858586,10.591288958761087,12.976147629606139
-4.171216173377269,-8.305736517667363,2.428042890579375
5.258279176260585,-3.5866727743052094,9.16011600742243
9.679245459553147,19.55312291648183,6.901260054977492
7.552283003933027,-4.3158857423262385,11.591779134066204
5.506123103489917,-3.3952150017840506,18.42074348311895
4.88129853842019,-3.0591985744086028,13.314302430256259
-3.007123612208337,-6.042882104854843,0.3735094647689188
12.371439785146334,24.932190694373745,-4.2204216234678835
-3.161090377261673,-7.032195040191761,1.5566011074956272
-11.430611033051333,7.666005516680577,9.876948267506371
5.312588430685455,10.339682311899645,-3.7143546628937414
-3.9104407105668226,-7.009018397918898,7.409156180030909
8.156104802772237,-4.15841317257279,9.92107122292223
9.396566331886284,17.011874001704506,3.356097270424021
-15.402550780574147,10.39388679755471,14.272805093645548
-4.2580246952287855,-7.944902535300718,-2.335043671655705
10.581392030883993,22.699613855821305,-3.121555456604781
9.41387352821099,-3.7886719311513626,13.204718905090083
-2.102456429696205,-5.062551560895283,7.3872829051549616
6.149743668444922,-4.605094964043946,12.210059910693403
-4.2714111821740754,-12.798489474459734,5.870683465093656
7.264753815485917,13.387985854028368,1.1600508309776707
-12.182568591290302,8.309153737878153,15.477557941854993
6.410889202757863,-3.62558063768804,14.985396974224482
4.402175415272663,-2.4117545540483705,12.367411771360668
-2.509920371748504,-5.931585127263551,1.8036284307490673
-12.53583102939751,9.923114098899937,9.755766671727176
-2.8735871705663825,-5.5827890330987655,4.02434742350067
8.094065809612548,18.187164498110885,-2.710448166834146
-19.92337765534422,13.280874273714385,17.93283938655607
-2.965133117220854,-5.174610045813874,-1.579534227025965
4.877957443868746,-3.9618848622059493,18.75593384552006
5.289823787739428,13.165605571577592,6.1501443239488935
8.483381948995786,16.28633117313502,-0.3716767790345088
-11.775301408698242,8.321632369885542,8.547523684458953
-0.2622793617582393,-0.972260306851942,16.823645896910207
3.69978725399725,-3.3702255918663546,13.305622160239029
-9.294585271866392,5.970064619266309,15.164028696536242
-8.009245079509562,4.838081792036203,11.469584167767934
-17.206555033428167,10.558002433369966,12.306914112946313
6.490736252957365,-3.840981398986548,16.229891289132983
-1.6393239638922947,-1.2203721380262937,1.2417002214796486
8.125929741682492,16.014085666229914,7.2356240910785115
-0.18752658478363848,-0.39461834666093776,0.5302360454900557
-16.781009258051082,10.91696248300802,19.691700199916173
4.758541886812296,-2.5813519791830943,18.601483492165332
-3.7332686838041766,-8.20532998847393,-4.014329715787353
-10.129691920626817,6.698514555798868,12.63937931289221
4.796849791376506,-3.136330842465684,18.131207935391647
6.122751322597287,14.919670923621975,-0.4856163718166613
5.628210458404189,-3.810975633925723,9.198630763815737
-11.674330178284077,5.674235755363887,17.887207439701047
-3.675373238803288,-7.2143834191512655,-4.151350535355029
5.2592534503450565,-2.585175517964126,12.435506681170999
-3.939702598252152,-6.209031106857296,2.4337251843137695
4.684113916978527,-4.328502529015124,18.10990488441326
4.892200040777299,-3.198849743517651,19.276456129134193
6.40496725466957,-1.717864259639869,18.606662227835848
-3.3783518825997665,-8.238223169216868,6.855355416436595
1.75469401356486,-1.5101973684286467,16.551066274732836
7.392437355326463,-4.449150523112887,16.11373496337676
7.503788853712347,17.020376698724977,2.977511831081391
-17.587144229230802,11.508838329885442,15.722886853766934
-2.704012095157038,-6.497965594403768,-4.0748091321126845
-8.886021763765909,7.410075212384751,9.906746962051326
6.408736593376176,10.74453010058625,0.7502209321925761
-3.6771902376532943,-6.23915758653145,-1.9858278555680298
-4.046537346485602,-8.38796374388734,-3.0761699592697713
8.57772948048284,-3.307100205687827,12.407219396953494
-3.5342402719629264,-5.951053946671819,3.4968740942016527
-17.339805871907835,10.843847532876588,13.119169288219037
-2.131336957644285,-5.129613802393496,-3.3660914800264408
-2.4158685151811885,-5.351892327683974,2.8822584457652587
6.0347116855571885,-3.798920655918765,8.487282309383431
-14.631731476642186,8.9773514957023,14.76807912097409
-3.424722216138721,-8.780158196144068,2.968812573301748
-10.990296932062106,7.565133944159616,10.647284410925227
4.752441485115472,-4.6872237499357015,17.149443705904677
5.5954503454230675,-3.9667329181444497,10.396579704557615
6.920001554572975,13.529533187725786,0.8239868688408443
-2.619047164306587,-4.702879257818126,-4.38998046108655
5.208038216276344,-3.2745122995489244,16.752471847523246
-1.667923807283226,-1.6060278600673958,-4.468264728740322
-6.599305670164389,5.172394064260287,16.867541817104986
-11.821245155455546,8.914773344787069,8.2234283506803
-7.9728148301901465,5.752468611539247,18.476692462822406
-12.46332301682294,8.911199319616228,14.969580894341636
-9.839804292401501,5.85608106463464,19.948352763333435
-3.0510606651149823,-5.99703428571725,3.767795386292754
-14.609391168307942,9.178381227069321,14.179707223278172
-3.1838692998166205,-3.3815573163671675,5.0482728402310535
8.972924525558621,16.309828213935024,6.996890507597721
4.518060998122726,-1.7166208349533487,10.687636580459252
3.0654949488979675,-1.800663219071749,16.84192785465847
4.163254472535532,-3.403437698621358,19.60208672998238
-12.81289657444727,8.913427305538285,14.206835346612955
-1.9412193265097526,-4.028352132718399,5.444169554183343
5.164298867134416,10.078685785111027,5.533925056926755
-9.09172574950607,7.01954609700604,13.439557539722287
-2.778147483196955,-6.029464244177069,0.9694286442075581
6.182627602456628,13.176777926994937,-2.2381471717151333
-5.072292686172439,-10.452904218341907,3.8655539410194137
6.7232534662255885,13.496232447053718,2.1809747913520434
5.683832454397207,13.383765551551779,2.407703011399752
12.644821900145622,22.452604211002175,0.840193776247748
15.536779273255526,30.743452716375543,-3.9476702590909527
-3.8774547400031003,-10.004716374413485,-4.5531516316646545
1.8438840148567874,-1.2175457834426855,19.693059743400788
-3.706904779137597,-8.381737097946559,5.694328343396558
-3.981103713949736,-7.619047473513237,4.608166178992041
-18.527246581040917,11.069508583628366,11.991182067326747
-2.9428821594488253,-5.341943336873083,0.45634719662660395
4.616235672528852,-2.978134257817777,18.749029598755634
-13.940467644773284,9.235450535701988,14.6586253603888
6.814547357304628,13.558083187723863,-2.7647249421935123
-5.47155990831426,-10.763646672497348,5.439519394623209
7.473077346237881,-4.262049023216335,16.97795768905412
-9.552704183747007,7.5282246787685345,18.618300557285256
-2.767513381580633,-5.473039993215848,6.685037781246743
7.217193511504317,-4.613415852652485,10.335284730267693
5.815513446897025,11.770180019136603,-0.8241513476981197
5.769725393602428,-3.520438985392111,19.779215653424412
7.963283964020317,15.509628482105601,0.7917925345860848
4.700213052449029,-2.168362441048423,18.568294353378143
2.925836533698664,-2.2594546341255635,11.241166224809213
-10.772270847661188,7.026143013542116,10.193419871971479
-4.90206964854644,-8.027273940244495,7.817212775412715
8.76609708563792,17.46022014185558,0.7667452929439671
-3.4372074469478853,-8.033397607759499,-0.586799199862293
6.06896252247353,12.338340188331442,0.5121552267543841
11.859244402481036,23.851208535821907,-0.3390434463936369
-15.998929844599564,8.553733267832081,14.489611839168834
8.216075472718856,16.513781466963255,3.7531314791682533
6.161377699019892,12.431874006058843,-3.553933085915091
-11.922118655673387,7.307367249302272,19.227565753520285
-11.97944504366642,7.74332847858518,17.094647124085643
3.681807064466057,-2.8701680837119676,18.193807079880322
-11.438782726263431,6.320331472790429,19.872695566160882
9.765321372773316,20.574178281401572,-0.6526187695128174
8.081249657219654,14.710615537630776,4.906050472566468
-8.303278958358256,5.511758265523726,13.955961892602282
-12.218434615328967,7.9689669511860135,12.400515451344805
-2.250986044925869,-5.016383635027888,-1.1526023415036235
2.9429513727919043,-3.9371170452387334,15.395828124765444
-3.650315679862093,-9.132420605747772,0.611014295916517
-2.411499213738805,-3.0494070692173603,0.5954403705655773
-11.683173578306889,8.34479130229515,8.42436057233534
-18.136188970320195,11.581465295563241,9.823498371042579
-10.766150587495325,6.604784124658316,9.50215519594528
6.937752276992983,15.02508677727213,-2.712829065056128
-6.088938129828722,5.058320427324842,16.93652156575951
-4.222176065151013,-7.502913658639189,1.6400010647176515
7.90190881575314,14.044906040909318,-1.7621269679298956
-12.157425958464222,8.022851689556582,17.21870199672443
-0.5503958242261922,-2.3497776065930567,18.891287455743836
-19.511147954242105,11.51041485025099,16.553190431636267
-9.75655825360645,6.615762117161319,15.237901868121952
6.1266063528461805,-3.9990062325598563,11.381049515975544
3.0469686861780874,-4.995080466414733,8.771434265228482
-2.5399456585535556,-5.693548788524173,-2.8253310022147464
-2.008249654553444,-1.8639607036459984,5.211330326767468
8.636066143566802,17.07442185921922,4.3172129253078495
-3.228028029784879,-6.961356171693745,1.4938445940081548
2.9622328469070887,-2.3799200015536637,13.085502842214623
-2.7360968827812413,-5.294050257714509,7.39689337696927
3.72709111202386,8.406654796789763,-2.9738446023088017
9.8108862781642,19.1384068400601,0.5045800487452832
-17.66240512707847,10.027157788995872,12.081469091489897
-3.844328448789504,-7.986332955942299,-3.0967285127424953
-13.462996101096595,8.837095487561553,16.280172851219216
-1.6792498721738396,-4.427486077437526,7.378663175349358
9.328724220366645,19.166701536245434,7.0146644331662
5.854752773639272,-3.8694327480368638,9.81019461648794
-10.79787313499678,7.326619738183105,15.617024148128728
-1.4185362765166716,-1.9496871976720476,3.6952301975548263
3.537593766579442,-2.489723688830879,11.950403813976589
-13.21342516241646,9.652756944202933,9.143299099894776
-3.400915193544127,-7.832794238017577,1.6757067542355326
4.810678548365281,-3.5034623439010586,16.96574965887895
6.96488213176359,-4.725674253375103,14.935650540173203
4.787382215058777,-2.7111350529803135,11.461295866460638
2.4616884483426684,-2.5375460138728734,16.264543227356047
1.3315403461440813,-2.265999615186442,16.682355023995058
2.3674221908406143,-2.0318973362234574,12.709074417875868
-14.169648816778741,8.937922535146173,15.9253332090918
-11.335105814135652,5.267231098499696,12.43678654173209
5.691681871616595,-5.079633282247039,12.00351929400751
-7.019204238800563,5.301123970901426,10.465284455379608
-16.932430298045734,11.060954175293904,13.817915988941031
9.495825434519634,19.666556401336496,-1.0348723676731577
8.312403680965934,-4.8680018866707435,17.02176897997321
-12.465716608054693,9.4056257079243,16.7960881936308
-2.2355217796942095,-3.4283703239391383,-4.268817924136021
-11.496064402105883,7.575450786192103,15.645418764119068
-2.026153742740181,-5.942424236675113,-1.7782533131638703
12.768244591066384,23.81781917174737,3.3779713564785467
1.638049866378808,-1.6285252178590774,13.587706407290195
5.538861258839757,11.212773666729504,-0.981002598792295
-7.093990388584569,5.586809151001106,15.449175602976556
5.668988639422168,-3.697309150699027,15.803354448943548
-1.7745294546855306,-3.392837320220385,7.686693344020906
5.486199963711757,9.831398543436007,-4.84035320707916
-2.0881682214866295,-2.507607119090439,2.1759533293728195
-11.275304471407807,7.236324926880329,10.423172959393556
2.0173050263949843,-2.0850666101182975,19.529654450685587
5.7494565113219895,-3.8981693831521147,10.79533817541671
7.603574769134452,15.170278410266082,1.4950895266039952
-7.193822852649673,5.718730564014912,10.850142577490283
-13.224773037644582,8.887564044837323,8.499634492896387
-6.438149561892447,3.988112530222578,14.49613487877859
-3.6284857063107556,-7.201845169123113,-2.3254840293260397
4.917560829926033,-3.3276865413287817,14.0256975625507
3.1341937284264785,-2.1957437270525557,8.531664466902757
3.315085299071097,-3.718038813405149,19.074800096474867
-3.111490787125112,-7.563300100638397,3.5468041509671515
1.7613802462919141,-1.1465892021001718,10.815547328348703
-14.871359221398091,9.347042320452807,18.300702637750437
9.7165704798654,17.70727860591313,-2.4372568002330186
-7.864839096050725,5.424644336942928,18.43071218091128
6.3415402051271546,-4.299637669862416,12.197143057520332
10.730257402548334,20.86336924441753,-3.3040735223707025
6.427358171603988,14.5585263527763,2.524089173670406
-9.452929324698884,5.968837040794887,12.704302216132039
-2.694435615642949,-2.912424219668763,-3.3162349632807073
-9.673264462200288,6.1921717549568545,9.554261504406831
4.664598102487522,8.367414380135182,3.6470764238239184
-9.998556369858314,6.074184836955873,10.522887944186929
-2.3162904630919705,-2.6414223895758298,-3.8564491546871786
5.11448777082216,-3.3962103422811034,16.788420153809408
9.681848636258136,-5.406238151009897,19.337224229434923
-11.337457214996062,6.946014843605992,19.22194638214229
1.0532659537524998,-2.2066506763139415,13.74129579357312
-2.5814271140088456,-5.197308528582685,-1.7478439967342005
4.868361407906799,-3.954054454104588,13.956579898225563
-2.784779267049782,-5.763273027966722,-4.385327088529962
12.998099240833756,23.45934585875691,-4.446911211775069
-1.6619728372180795,-3.0005952421011415,3.0902554787385306
-3.154373534723929,-7.665448163925502,7.216079760116644
-10.230976992576425,7.327709513255496,14.260185445194828
6.69973369961302,-3.5828867213760347,12.082384415162629
8.21489347004304,17.17758002664387,6.1475676594187085
-2.587019434474953,-8.386847046623618,1.8406666570416466
-11.415541587331234,4.773693181771774,19.928112503942778
9.54922230403028,19.536331734280708,5.6545325558993245
8.102740954833015,15.98163698988652,6.284675608241887
4.565277206028576,7.7559059368198415,-0.9094044702082709
-7.527925382276845,4.9785236893941445,14.870238718748233
4.092244491290355,-2.855050759794541,12.342055644537215
11.953179879047887,24.97303716407732,0.5192403197190103
9.83835288549449,20.78510646043747,-2.940473859603933
-5.467667547159882,3.6048620214070057,12.012482551867826
3.8855331341305974,-3.784496072389535,11.362780357028381
12.498127614215488,26.728729935083,1.8314881749552328
3.3491982001338196,-2.8892765658135033,18.771589056260257
6.286873631157261,12.290881911542348,-1.223552705477494
6.329660174920974,13.605585059178177,5.808370026065047
7.898567324831368,-4.389629670855546,18.59039800418997
-3.219645015533754,-5.755491715110312,5.493182923153057
-16.89193696180239,11.252353782579247,10.96314869160214
-3.028551984535682,-7.246331265284583,4.939859949069858
9.618331713783697,19.427262124394595,1.8553800587167508
3.297317146390745,-2.270480649013798,19.599441198995706
10.815615450389274,21.395020556752264,5.233350157876075
-12.429161400825315,6.151463920993274,17.35248009197836
-1.9452221857233432,-3.8343920869010244,0.7488651472771544
3.4014960395331775,5.373763398208403,0.32761760062708234
8.995552378550734,19.715103381175865,-4.221647927887216
-12.050257024568408,8.576342819570762,11.291670634397125
-3.428674796881306,-6.86222931347529,4.213158593094029
6.038933876180505,-4.122736625368679,16.608956245990925
8.017410558604844,15.027648602085216,6.83024766728893
-18.988193565034777,13.090390465897103,19.20483569786804
-3.38187934439569,-6.795900758251852,-0.3618621074219712
-17.31797215659519,10.370210968590225,16.71557919889027
2.377699892574616,-2.498208832222359,14.414921319793542
1.5821605321237135,-2.6802100054439673,14.273046116101298
1.4596387578648975,-2.3131247767971064,16.119580702922192
4.803817964995656,-3.325298924323564,14.025599773574971
-15.843313849301074,9.921620219920495,10.655508040785385
8.459498432483574,17.074242362960053,-1.7188780579403105
8.236269132618476,17.895187061232143,-4.186845512718702
3.9623549087228014,-3.032550223087714,18.02119619539217
4.157803417601188,-2.8261988351226615,10.416257863018451
-6.663901191008033,4.874816205072688,14.913432274404407
11.720986694228571,22.065894452432563,7.0380587878137515
8.878516672105707,17.12146170608817,-2.067295275940138
10.383493833094949,19.941721457708145,-1.8703551949362391
2.0565811729469594,-2.418126043176795,12.139132180724285
7.201274823568328,15.43965437043326,5.757647372486566
3.1755494204874335,6.527761050045563,0.01311816750841821
12.43151667078552,25.37157132117575,7.289863668535922
3.795678661677915,6.864713367723713,-3.3947765731216477
3.8822760578051234,-2.1268168592213943,9.54928504785997
-2.750629717272348,-4.722825340704137,1.724835110877442
4.287595370565171,-2.9914118614918173,14.938977515929704
6.1816969462443065,14.22416032386538,2.759048973089344
8.09624621423818,16.428395166719366,6.3805037270450295
11.210102517090716,21.37841859648506,-4.709486502297484
5.289390615970728,11.338739814763962,-3.188827805136028
7.627631762750698,13.949751587769622,4.812338910167121
6.558495558142573,12.910302749958266,6.998470867928088
1.290068221340376,-1.576245924692721,10.000513702982593
-4.181286806672826,-8.109857894912103,2.291564467732581
-10.784808319098744,8.349984356591087,12.374547153163565
-11.091140443126175,7.058583446272472,16.503059929730114
-12.027355516399266,7.936631813123939,14.496274722333744
-5.019406128790802,-10.093405868672148,-4.009529366291071
8.934592862504175,17.727734754527777,7.012673681445724
3.4917068657782018,4.62025447035825,-2.3767455395456283
7.666219692789149,16.312808251911704,1.0511253965631866
-11.791274509040193,8.960697087464878,19.666564831678663
-3.6274428354765007,-9.688010330977136,-1.4376114274621692
3.940653544706926,6.915896993320652,7.472203836283901
-3.323493255148723,1.9873261252244765,10.453893357952978
0.9394217635927244,-2.6665909876072873,12.5616242636026
1.7605191758345407,-2.2839542509595057,8.991217087172853
11.233248738103146,20.233001029450932,-4.755728814520409
-4.245742450233671,-8.483311428972359,3.1615327060997966
8.28860659041069,17.732167953834114,7.942791084617786
4.888082814577043,12.911871189770759,-2.803337521379166
-5.26949786449741,-10.21219459605692,3.765673280229519
-4.6563805271410255,-7.818867899568701,-4.169922280215836
-2.033455749479388,-6.840666970746248,-3.0355375711244816
3.2376605564552854,6.153967014425399,4.923081905039902
-3.729869586462592,-5.178598139952663,-1.6821061489234914
0.7701829595223403,-0.16650438810572732,9.188521206538955
6.071789500209598,-3.616633559855454,12.236624228431644
5.238477530299397,-2.6358914557573314,15.014667477727073
2.538768162370478,4.318496212985421,0.003756106120252234
-2.150857394067809,-4.232114021969821,-0.8129354435232559
11.9960661383946,23.970546465414127,-2.385803991639994
-5.690570175715679,3.753575723442667,10.910756238590917
-16.134319641439184,9.108095245213033,12.661893162172529
-4.256647250629048,-7.777387590496554,-4.210346379358949
-14.704513559193446,9.738443091004322,18.405306156092244
7.830707006618239,15.368940129319022,-3.7007179087131896
5.625701890325113,-2.6714301503226805,8.53240838252676
-12.740928909476896,8.649708087298244,12.726512986272912
5.51508617853233,-3.8208600201629044,16.77422809365214
-9.89014577275863,5.892736089189224,12.852173303310696
-14.673489254681156,9.495995019051048,15.043202076744794
-1.138742626019471,-5.285399518233008,3.4862548135701523
-15.185092339152188,8.727517156159536,15.370627843662806
-2.68635963259218,-6.0662596364860955,-2.9971288403831213
1.6320334289399219,-1.2292943492662007,17.37041640151319
8.994368228324134,-4.1056255017144405,8.689809403843405
1.5884870532480384,-1.1341554477147293,15.432444249062343
-3.0593674512314046,-6.0279217211504,6.307957112957503
4.036862089630956,-2.3723887874075498,11.089442379913123
7.885651987227146,-5.461979705889917,8.160066523402831
6.790444054957127,-4.258414830564921,13.289738043883297
-4.375225117962206,-9.616180554636147,-2.9592504492352605
-3.1586511834690123,-7.104611328444319,-3.491197900235905
-2.6651055582477077,-7.225426873207309,1.177580850253661
-4.359969190119175,-8.182262743804701,-1.0113829971702915
-8.703122679636795,4.829640870921255,16.794589164805043
3.8709760082042903,7.975158524210225,0.48034968395110766
-10.856377287661239,6.794146061968158,19.396631395478284
-2.286827634751388,-4.879377850670469,3.422394794277672
-1.899336055078389,-3.4397422805963545,-0.44705210778251825
-12.567123142664089,6.666420633456273,14.742462678561978
-13.179417690040923,8.78249076133707,11.467694387521902
3.0254612030021324,4.765345872490409,7.454892911328475
5.088884793116093,-3.097850770215125,8.88408877344078
4.75002898592505,-2.530421103101608,12.980044456806596
-4.652299288362143,-9.154978711584898,0.7113685332824682
-13.41139760957285,9.215428103664685,19.908347901418548
-5.782935740446522,5.343731061224248,19.369829053669577
8.895089866880225,-4.615031872127879,11.258142158673422
8.634266798729533,18.293392424522054,-0.011438726771372032
3.334767959917751,-3.678152461197559,12.005706060782284
-0.10829701004323278,0.3944761791885355,-3.1950397755206037
-1.642538634316701,-3.1850003243995495,-4.233687444854849
7.12537064055468,12.817537032125934,1.4420722127803423
-1.7600631927114094,-3.004980301601385,6.565573918482908
-5.799652399223277,3.707058325344291,16.706812635209513
9.309058410847683,-3.6483003273443844,13.179226744157699
5.815562495889097,-3.5276851944169594,13.567663029999526
12.336082729468465,24.599282418000207,5.637333361201884
4.649857774097976,9.315636447801616,3.6483748136740726
9.507410258603155,19.411697481048343,4.275969074615068
3.338508342368285,-1.1909332513555901,19.691239093401446
7.728280708533369,15.54495551456536,-3.997270214687938
6.862354600826232,-4.2015881881405175,16.675787403061214
-16.78377215220957,11.030920294754758,9.466885214309835
-2.9057207063857207,-5.3802587680460805,5.965385479739762
-0.027395483140120414,-1.2538462204489427,13.131441510378412
-2.50139518151277,-3.4444068398247243,7.166723535617571
5.294453407957112,-4.223138814409423,16.835580952041514
-13.984350770810044,9.600424090307627,17.517546600281463
-4.498368985465836,-9.858501415123616,5.543023171836385
-4.435355915991081,-8.979616752704615,1.920694930876289
4.924315514980236,-3.188711599739834,9.808758214834056
1.923494426886587,-1.0433900374142837,17.809083640417274
10.262666370898868,21.221159566526023,0.26655472514166423
6.465243857359225,-2.0320544868590606,10.574164589087069
-10.623717369518157,7.2712764468666204,10.789005502313014
4.7146571472527565,-3.414702386726967,13.327825560382024
-3.7238037443516703,-6.972331241267304,-1.710807871818505
-7.958139078182359,5.440672865632075,12.895624117052215
4.113969676110333,-2.271654786930457,17.725813016641023
7.3027909063170755,14.94043421970782,-0.5079222782439512
-1.7041729282273081,-3.407628878718716,0.938583123096941
7.002318418240692,-4.3434702795295586,19.28487735104099
10.959801209628433,22.05052196672464,-0.4755761822627562
-22.278375716207485,14.965124844533312,16.359627334239477
13.802509990154512,27.56923445146521,7.306946411200869
-2.2383278137049984,-4.94921188305917,1.1807768600794262
3.9039420186952474,-2.4654563865438095,16.768747531812785
5.913928166205881,12.304390709138401,6.132631375066637
-2.2611767165496346,-4.8640281783161265,7.870433848242255
-2.9449574427189567,-5.147439967878135,3.980834234994143
-9.646895117380096,6.356970729472275,9.823771285873185
-3.1355262689788708,-2.728927339943362,-0.911903185374431
8.996120113780002,16.717276607033813,4.777038416294017
4.772068361773816,-3.122323382132745,19.235308058382188
9.765577436917674,18.65721415163193,1.4533358175281883
-10.372690816883665,6.171688482628479,11.418416613532305
7.138056386602759,14.497833692010456,3.129751605617372
3.2970020101567212,-1.9362260162144234,14.336828142165015
-3.7618756289717585,-7.685431724296875,-1.7281584820412546
4.6166817676140015,-2.11676742469102,19.245526126963618
9.15565616113551,16.570827262859797,6.344738534590981
-2.0497428061314573,-3.8126014363227454,0.9012615836615989
-3.8232960692577094,-7.070257494621663,-3.1625813167496837
5.490375682422787,10.54823842584939,-0.7560523728114816
-2.971536551580845,-5.905956079179151,7.994348713900441
-5.139114124430851,-8.391475209779987,3.425079410782157
0.3621496314213961,-0.7908160333113212,15.722084147065235
-1.709451774232042,-9.966388166640936,5.772188091545148
6.777519276053812,12.914383041233256,1.217856814690748
3.475018865041183,-3.3445865357346336,10.42862466510075
-17.579200230126727,9.603197548526438,12.669430422136145
-4.4824141410588725,-8.932416905389122,-0.8239523024762532
-4.939405408141875,-10.150234096720347,-0.8095195927920589
-3.363613295901618,-5.477349828665907,-4.083214326661426
-6.451458363832359,3.194214736365086,13.410050376641014
6.492257426173091,-3.395600373245707,11.595113190545128
-0.7616468382291384,-1.039227120040404,6.865771893745347
2.791547280550569,-1.9469999727012588,16.10426122422993
4.977434628832998,-3.1448408767358,15.14175382375133
-15.540423202127922,7.959206969134943,9.633859109918804
2.970791702125107,-2.330583808813115,16.706782012831464
-4.795991481409716,-10.362664908038727,0.14603025091920596
-4.475411401094023,-6.026677472665671,-2.202009515056803
-4.263769077220543,-12.607802778353587,1.7437402879247408
8.220589384714872,16.53240755427406,-3.5728285977671286
-9.867893373718276,4.969858370683595,8.2792382000258
8.786709015771919,-4.861484450555489,18.415142307374037
-3.503839253887681,-7.245723413570295,-4.016411483287259
-4.085922529289634,-8.164679296917113,-1.94725214974933
6.842340139414956,14.880470553423343,6.304975707085882
-10.279814462150243,7.8325691006936955,18.34687543819762
6.188078854386315,13.3082378851193,2.9039026244187625
-3.4564972984683617,-6.928684678447422,7.680870217209812
10.54944131797072,18.782191770860265,-3.9606785237401976
-2.2083457939064743,-5.833322332132828,-1.2914199759477785
6.648264690517652,-4.064244711933224,19.66575307397117
6.467718969937353,-3.4463320787671847,19.12796741090114
8.982786640145084,18.73884892891451,-4.87650047663976
-10.261270430679645,5.899849911145485,18.795294635580973
-16.149748807557824,10.732807439704892,10.97799844538751
2.9847223198811093,-2.733300210497928,16.697957363000555
-2.656132186852063,-4.7002528068050635,6.368496390846477
8.37758227263784,14.58593341767515,7.889900714481255
13.087522773336973,27.26315672101253,7.221164506423005
5.014302009208809,-3.3863044984779065,11.67160643865261
7.805568249338959,17.172737358783163,-1.5087186310921776
5.400915142938051,12.471542650185912,-4.250660253183051
10.026444800825011,20.594795601024206,2.6982485397797724
5.209352923715991,-4.021062998206856,12.617019068416166
-2.330377367619716,-4.758893010782372,0.046336303073709395
-16.48740306714971,10.46933775256327,11.835810833122935
4.4193914182058,-3.349295468205221,19.24780115268176
-2.119084830966755,-5.803779063113588,-2.65248210526454
-11.205569730174627,8.713889723850993,11.815052955628158
11.253982495009982,21.8438539835111,6.093755482614279
-9.866729668502026,6.034239867154178,16.703556359437634
7.619772784633003,15.50801845599426,-0.5712552638153525
4.187234288381056,-2.0242874620173343,12.315648805654114
-10.434854688666803,6.8178680175548845,15.952882241202754
-5.249918254035608,4.131444679077122,18.615355486850582
1.9036816665651974,-2.282920963003836,12.081200707241145
7.300188644194982,15.839006563736604,7.429369100210682
0.18667684660435357,-1.1924096778076927,10.446181005030347
-14.568683421762435,9.559739857691442,16.722624611967955
6.984844549473798,-4.583607934420197,9.265243665970742
7.966667882408846,15.527974165701975,-4.240323507579078
1.4616202213789249,-1.0988792687323927,18.273717387674445
-14.59238917530261,9.266051937492577,12.238168775789028
-16.463009929065677,10.956485897674723,11.912834644431165
-3.367702326217787,-8.291172456532188,0.3918788099429289
-11.91433701748402,8.352888536727987,11.472136755816429
-0.901267645949575,1.2372881671830882,4.8466101413539615
-6.800224599602309,4.657312230280405,11.280824426037302
4.832758217683515,9.65511948717045,-2.3351742423002317
-18.37361205800956,11.920012577608299,11.4461326150759
-19.056485649887208,12.318880106551704,19.985343144266665
6.329327500389712,12.720177039198107,-3.7946990284860993
4.426066002414339,-2.7034486785686944,19.429354605532932
-2.2623740698694976,-4.279942671126065,5.172699018071766
-10.19120966323714,5.4188025802628195,16.768836258431477
3.1480234987898896,-2.466726397216407,14.559637101456836
2.173496825305365,-1.6426753380735573,9.175406524666695
-14.739649937667043,9.370315821818226,13.461230231283164
-9.034335273476046,5.848575526443595,16.9628890325337
-3.2161043711833193,-6.471070974966401,5.103508041275825
-3.4905708348858657,-6.5173948400683575,3.175829039080968
6.1785971324052396,-3.4996133236214773,11.689834639089618
6.04319821302889,-4.396211814375032,15.196148548531465
7.4508238020431765,-3.5954232028760424,14.057128369415395
-11.010256929473528,7.183006642751773,14.945341221465863
-3.51977478963003,-7.496252122209866,5.889582870323325
-7.719537224423231,3.7952991124436544,15.44585540437554
-2.342798898703946,-4.967292534536083,-1.9947736157347888
-12.755833642133823,7.073918496473901,8.612227449021239
-3.326678565908987,-5.916219156443441,-4.856033487546961
-5.071179882580466,-10.129173203542091,3.114645747506758
5.160622880354266,10.950111388150257,4.161538371784946
7.289274723616654,14.686841791309256,4.9043172902313845
6.045511854577451,-3.9959479907832325,12.386680167246553
-1.5927618632322365,-2.986032971446095,4.713952531758643
-1.179128189876526,-1.4777988714010126,6.217340565563266
9.181393498459556,18.8008016795649,0.9386032718581863
-4.744564951898036,-9.075394498099664,4.3312947907335015
-2.201651948650892,-3.4979413734060065,0.6817406815787868
4.828270057892068,10.928466976603074,-3.170101905788909
5.071493602146095,-2.791336516750085,10.086214834534447
2.4198517750241106,-3.696020161600952,11.705319963875407
-5.579170971105468,4.051236457281818,10.487258650240362
-2.4099952388955286,-4.157562555509688,6.587351095014309
3.3563030433414918,3.7731370356499436,4.494644504480746
8.296663312046801,-4.740367825614485,16.58334123929563
